268435456	1	7744.9
268435456	2	6975.8
268435456	3	5504.2
268435456	4	4109.0
268435456	5	3003.7
268435456	6	2455.1
268435456	7	2084.4
268435456	8	1802.0
268435456	9	1639.6
268435456	10	1508.4
268435456	11	1415.4
268435456	12	1344.9
268435456	13	1286.1
268435456	14	1226.7
268435456	15	1211.6
268435456	16	1194.5
268435456	17	1151.3
268435456	18	1133.7
268435456	19	1114.7
268435456	20	1092.7
268435456	21	1078.6
268435456	22	1068.4
268435456	23	1086.4
268435456	24	1046.1
268435456	25	1032.3
268435456	26	1041.1
268435456	27	1032.2
268435456	28	1036.5
268435456	29	1039.8
268435456	30	1027.8
268435456	31	1041.0
268435456	32	1044.0
268435456	33	1014.3
268435456	34	1015.8
268435456	35	1024.9
268435456	36	1023.0
268435456	37	1026.7
268435456	38	1027.7
268435456	39	1032.4
268435456	40	1044.5
268435456	41	1020.0
268435456	42	996.9
268435456	43	1086.8
268435456	44	1094.7
268435456	45	1114.0
268435456	46	1091.0
268435456	47	1068.0
268435456	48	1076.5
268435456	49	1088.9
268435456	50	1100.0
268435456	51	1098.5
268435456	52	1116.8
268435456	53	1099.8
268435456	54	1086.4
268435456	55	1074.6
268435456	56	1096.4
268435456	57	1101.6
268435456	58	1117.5
268435456	59	1162.3
268435456	60	1218.3
268435456	61	1166.9
268435456	62	1123.7
268435456	63	1130.4
268435456	64	1131.6
268435456	65	1150.0
268435456	66	1166.4
268435456	67	1193.1
268435456	68	1292.2
268435456	69	1245.8
268435456	70	1264.5
268435456	71	1280.3
268435456	72	1278.5
268435456	73	1274.4
268435456	74	1355.2
268435456	75	1348.3
268435456	76	1381.4
268435456	77	1451.1
268435456	78	1437.9
268435456	79	1469.5
268435456	80	1073.7
268435456	81	1589.9
268435456	82	1591.8
268435456	83	1567.5
268435456	84	1632.8
268435456	85	1757.1
268435456	86	1758.7
268435456	87	1844.1
268435456	88	1810.8
268435456	89	1979.0
268435456	90	1719.6
268435456	91	2106.6
268435456	92	1741.5
268435456	93	2186.4
268435456	94	2212.1
268435456	95	2300.1
268435456	96	1086.1
268435456	97	2259.8
268435456	98	2272.0
268435456	99	2635.1
268435456	100	2347.8
268435456	101	2610.1
268435456	102	2210.0
268435456	103	2573.9
268435456	104	2574.9
268435456	105	2295.8
268435456	106	2388.7
268435456	107	3017.0
268435456	108	2787.8
268435456	109	3289.4
268435456	110	3141.6
268435456	111	3020.5
268435456	112	1068.5
268435456	113	2849.3
268435456	114	3624.2
268435456	115	3611.4
268435456	116	3612.1
268435456	117	3265.2
268435456	118	2677.2
268435456	119	3621.9
268435456	120	2566.5
268435456	121	3623.6
268435456	122	2973.6
268435456	123	3660.5
268435456	124	3880.0
268435456	125	3811.7
268435456	126	3780.3
268435456	127	3679.7
134217728	1	7749.7
134217728	2	6974.7
134217728	3	5547.5
134217728	4	4105.2
134217728	5	3005.0
134217728	6	2456.7
134217728	7	2083.5
134217728	8	1800.8
134217728	9	1641.6
134217728	10	1508.6
134217728	11	1409.4
134217728	12	1335.9
134217728	13	1286.4
134217728	14	1226.6
134217728	15	1212.0
134217728	16	1195.5
134217728	17	1152.5
134217728	18	1133.5
134217728	19	1114.5
134217728	20	1099.2
134217728	21	1078.5
134217728	22	1068.5
134217728	23	1087.5
134217728	24	1046.3
134217728	25	1032.0
134217728	26	1040.8
134217728	27	1032.0
134217728	28	1035.0
134217728	29	1038.6
134217728	30	1028.3
134217728	31	1041.0
134217728	32	1043.7
134217728	33	1013.5
134217728	34	1015.5
134217728	35	1025.0
134217728	36	1023.8
134217728	37	1027.7
134217728	38	1028.8
134217728	39	1033.6
134217728	40	1043.7
134217728	41	1019.7
134217728	42	1004.3
134217728	43	1322.1
134217728	44	1407.5
134217728	45	1499.5
134217728	46	1596.7
134217728	47	1715.0
134217728	48	1078.7
134217728	49	1893.6
134217728	50	2152.7
134217728	51	2559.5
134217728	52	2159.7
134217728	53	2596.3
134217728	54	2750.8
134217728	55	2674.3
134217728	56	3371.6
134217728	57	3854.6
134217728	58	3887.8
134217728	59	3348.9
134217728	60	2637.0
134217728	61	3484.5
134217728	62	3730.8
134217728	63	3961.1
134217728	64	1134.5
134217728	65	4183.8
134217728	66	4011.3
134217728	67	4076.7
134217728	68	3769.4
134217728	69	4156.7
134217728	70	4079.5
134217728	71	4335.6
134217728	72	4280.3
134217728	73	4371.0
134217728	74	3910.3
134217728	75	4191.1
134217728	76	4358.0
134217728	77	4046.3
134217728	78	4338.0
134217728	79	4349.8
134217728	80	1493.8
134217728	81	4253.3
134217728	82	4370.9
134217728	83	4220.0
134217728	84	4220.8
134217728	85	4368.5
134217728	86	4375.3
134217728	87	4366.3
134217728	88	4377.7
134217728	89	4376.6
134217728	90	3840.6
134217728	91	4240.5
134217728	92	4364.3
134217728	93	4351.0
134217728	94	4338.2
134217728	95	4365.5
134217728	96	1087.3
134217728	97	4362.7
134217728	98	4365.4
134217728	99	4368.9
134217728	100	4368.3
134217728	101	4369.8
134217728	102	4363.7
134217728	103	4345.9
134217728	104	4370.5
134217728	105	4313.8
134217728	106	4368.5
134217728	107	4366.4
134217728	108	4367.6
134217728	109	4365.1
134217728	110	4359.0
134217728	111	4359.3
134217728	112	3449.7
134217728	113	4363.6
134217728	114	4350.8
134217728	115	4364.5
134217728	116	4363.6
134217728	117	4363.2
134217728	118	4363.9
134217728	119	4363.5
134217728	120	4367.1
134217728	121	4361.8
134217728	122	4360.2
134217728	123	4357.5
134217728	124	4357.3
134217728	125	4358.0
134217728	126	4344.2
134217728	127	4356.8
67108864	1	7753.5
67108864	2	6992.4
67108864	3	5542.4
67108864	4	4104.9
67108864	5	3004.9
67108864	6	2455.8
67108864	7	2081.7
67108864	8	1802.1
67108864	9	1638.9
67108864	10	1500.0
67108864	11	1411.8
67108864	12	1344.2
67108864	13	1284.9
67108864	14	1225.0
67108864	15	1211.8
67108864	16	1202.9
67108864	17	1153.4
67108864	18	1134.7
67108864	19	1117.2
67108864	20	1106.9
67108864	21	1088.4
67108864	22	1081.3
67108864	23	1088.5
67108864	24	1062.8
67108864	25	1094.3
67108864	26	1138.8
67108864	27	1255.0
67108864	28	1503.7
67108864	29	1731.1
67108864	30	1964.5
67108864	31	2413.7
67108864	32	1044.3
67108864	33	2709.4
67108864	34	2795.8
67108864	35	2873.6
67108864	36	3349.9
67108864	37	3360.7
67108864	38	3601.1
67108864	39	3237.8
67108864	40	3749.6
67108864	41	3784.9
67108864	42	3736.5
67108864	43	3478.8
67108864	44	3687.1
67108864	45	3658.1
67108864	46	3789.2
67108864	47	3918.4
67108864	48	2202.1
67108864	49	4078.5
67108864	50	4169.3
67108864	51	4217.9
67108864	52	4240.2
67108864	53	4284.9
67108864	54	4322.8
67108864	55	4330.5
67108864	56	4364.6
67108864	57	4378.0
67108864	58	4381.4
67108864	59	4379.0
67108864	60	4380.0
67108864	61	4380.4
67108864	62	4378.2
67108864	63	4367.2
67108864	64	1129.6
67108864	65	4365.7
67108864	66	4375.4
67108864	67	4381.1
67108864	68	4379.6
67108864	69	4381.3
67108864	70	4379.7
67108864	71	4380.8
67108864	72	4384.4
67108864	73	4375.1
67108864	74	4378.3
67108864	75	4381.2
67108864	76	4381.2
67108864	77	4378.7
67108864	78	4380.4
67108864	79	4370.9
67108864	80	4378.4
67108864	81	4371.9
67108864	82	4374.3
67108864	83	4381.1
67108864	84	4373.1
67108864	85	4372.9
67108864	86	4378.0
67108864	87	4376.4
67108864	88	4383.2
67108864	89	4375.6
67108864	90	4377.0
67108864	91	4377.4
67108864	92	4375.4
67108864	93	4369.4
67108864	94	4367.3
67108864	95	4370.9
67108864	96	2746.4
67108864	97	4370.3
67108864	98	4366.6
67108864	99	4372.9
67108864	100	4371.5
67108864	101	4375.6
67108864	102	4370.3
67108864	103	4373.6
67108864	104	4375.8
67108864	105	4370.7
67108864	106	4370.4
67108864	107	4374.8
67108864	108	4373.3
67108864	109	4370.8
67108864	110	4363.3
67108864	111	4370.1
67108864	112	4375.4
67108864	113	4370.8
67108864	114	4356.4
67108864	115	4369.5
67108864	116	4369.9
67108864	117	4369.2
67108864	118	4366.4
67108864	119	4365.6
67108864	120	4374.7
67108864	121	4374.2
67108864	122	4367.7
67108864	123	4365.7
67108864	124	4367.2
67108864	125	4358.8
67108864	126	4352.0
67108864	127	4361.4
33554432	1	7763.0
33554432	2	7187.2
33554432	3	5979.0
33554432	4	4832.4
33554432	5	3772.3
33554432	6	2985.0
33554432	7	2508.7
33554432	8	2161.7
33554432	9	2011.6
33554432	10	1907.6
33554432	11	1854.5
33554432	12	1851.2
33554432	13	1987.3
33554432	14	2582.6
33554432	15	3021.8
33554432	16	1403.9
33554432	17	3761.9
33554432	18	3603.5
33554432	19	3697.5
33554432	20	3802.8
33554432	21	3700.1
33554432	22	3914.3
33554432	23	3867.7
33554432	24	3877.7
33554432	25	3897.8
33554432	26	3902.3
33554432	27	3894.1
33554432	28	3909.4
33554432	29	3912.4
33554432	30	3898.7
33554432	31	3902.5
33554432	32	1132.4
33554432	33	3914.4
33554432	34	3905.4
33554432	35	3908.3
33554432	36	3907.9
33554432	37	3905.5
33554432	38	3907.4
33554432	39	3909.8
33554432	40	3921.1
33554432	41	3918.2
33554432	42	3917.1
33554432	43	4055.3
33554432	44	4085.3
33554432	45	4122.9
33554432	46	4140.8
33554432	47	4162.8
33554432	48	4203.1
33554432	49	4228.8
33554432	50	4254.0
33554432	51	4269.8
33554432	52	4295.3
33554432	53	4304.9
33554432	54	4325.7
33554432	55	4351.7
33554432	56	4368.1
33554432	57	4379.5
33554432	58	4383.0
33554432	59	4380.8
33554432	60	4384.6
33554432	61	4380.9
33554432	62	4380.2
33554432	63	4375.9
33554432	64	1174.6
33554432	65	4214.3
33554432	66	4229.7
33554432	67	4232.1
33554432	68	4236.6
33554432	69	4239.0
33554432	70	4234.1
33554432	71	4233.7
33554432	72	4237.7
33554432	73	4234.8
33554432	74	4233.8
33554432	75	4233.8
33554432	76	4234.5
33554432	77	4232.1
33554432	78	4230.8
33554432	79	4230.3
33554432	80	4235.8
33554432	81	4227.6
33554432	82	4226.2
33554432	83	4234.2
33554432	84	4231.5
33554432	85	4231.9
33554432	86	4233.9
33554432	87	4233.7
33554432	88	4236.4
33554432	89	4234.5
33554432	90	4229.2
33554432	91	4236.9
33554432	92	4233.3
33554432	93	4227.7
33554432	94	4225.3
33554432	95	4233.5
33554432	96	4226.8
33554432	97	4221.6
33554432	98	4224.0
33554432	99	4228.3
33554432	100	4229.4
33554432	101	4229.7
33554432	102	4226.2
33554432	103	4229.2
33554432	104	4229.8
33554432	105	4232.1
33554432	106	4232.7
33554432	107	4232.3
33554432	108	4232.8
33554432	109	4227.1
33554432	110	4223.1
33554432	111	4226.5
33554432	112	4230.1
33554432	113	4234.6
33554432	114	4215.6
33554432	115	4218.1
33554432	116	4229.0
33554432	117	4228.7
33554432	118	4224.7
33554432	119	4226.8
33554432	120	4231.1
33554432	121	4231.9
33554432	122	4228.3
33554432	123	4226.1
33554432	124	4228.9
33554432	125	4221.7
33554432	126	4226.4
33554432	127	4222.3
16777216	1	7986.5
16777216	2	7986.2
16777216	3	7940.0
16777216	4	7159.0
16777216	5	6301.1
16777216	6	5332.8
16777216	7	4627.9
16777216	8	4060.3
16777216	9	4049.1
16777216	10	4032.2
16777216	11	4017.5
16777216	12	4005.9
16777216	13	3995.3
16777216	14	3995.0
16777216	15	3990.2
16777216	16	3984.3
16777216	17	3984.3
16777216	18	3984.3
16777216	19	3971.5
16777216	20	3967.8
16777216	21	3962.6
16777216	22	3957.6
16777216	23	3952.3
16777216	24	3951.8
16777216	25	3950.7
16777216	26	3949.1
16777216	27	3943.2
16777216	28	3945.3
16777216	29	3946.0
16777216	30	3937.2
16777216	31	3936.9
16777216	32	3935.1
16777216	33	3932.2
16777216	34	3937.3
16777216	35	3939.0
16777216	36	3944.1
16777216	37	3936.4
16777216	38	3938.8
16777216	39	3933.6
16777216	40	3936.1
16777216	41	3934.9
16777216	42	3939.2
16777216	43	4119.5
16777216	44	4146.7
16777216	45	4178.7
16777216	46	4193.8
16777216	47	4200.6
16777216	48	4235.9
16777216	49	4241.8
16777216	50	4268.7
16777216	51	4282.8
16777216	52	4297.6
16777216	53	4319.8
16777216	54	4326.9
16777216	55	4355.0
16777216	56	4375.3
16777216	57	4380.3
16777216	58	4383.4
16777216	59	4389.1
16777216	60	4378.4
16777216	61	4387.5
16777216	62	4382.7
16777216	63	4376.4
16777216	64	4372.1
16777216	65	4361.8
16777216	66	4375.4
16777216	67	4377.0
16777216	68	4384.7
16777216	69	4383.3
16777216	70	4382.0
16777216	71	4381.7
16777216	72	4383.6
16777216	73	4371.1
16777216	74	4374.8
16777216	75	4389.0
16777216	76	4385.0
16777216	77	4382.8
16777216	78	4379.3
16777216	79	4375.4
16777216	80	4376.4
16777216	81	4368.1
16777216	82	4376.1
16777216	83	4378.9
16777216	84	4384.3
16777216	85	4372.1
16777216	86	4382.9
16777216	87	4375.8
16777216	88	4387.0
16777216	89	4383.3
16777216	90	4381.0
16777216	91	4378.1
16777216	92	4375.9
16777216	93	4374.3
16777216	94	4368.5
16777216	95	4377.4
16777216	96	4375.9
16777216	97	4375.6
16777216	98	4371.4
16777216	99	4378.5
16777216	100	4375.8
16777216	101	4382.8
16777216	102	4376.4
16777216	103	4371.2
16777216	104	4381.7
16777216	105	4375.6
16777216	106	4381.5
16777216	107	4377.7
16777216	108	4379.1
16777216	109	4372.5
16777216	110	4367.9
16777216	111	4374.6
16777216	112	4382.5
16777216	113	4384.9
16777216	114	4369.5
16777216	115	4370.1
16777216	116	4375.0
16777216	117	4374.4
16777216	118	4367.1
16777216	119	4366.9
16777216	120	4377.2
16777216	121	4379.7
16777216	122	4390.8
16777216	123	4377.2
16777216	124	4380.3
16777216	125	4367.8
16777216	126	4377.9
16777216	127	4363.0
8388608	1	7986.1
8388608	2	7971.0
8388608	3	7939.8
8388608	4	7168.0
8388608	5	6327.0
8388608	6	5342.9
8388608	7	4629.3
8388608	8	4077.1
8388608	9	4049.9
8388608	10	4035.1
8388608	11	4017.8
8388608	12	4007.4
8388608	13	3999.3
8388608	14	3997.5
8388608	15	3993.7
8388608	16	3985.2
8388608	17	3987.3
8388608	18	3983.5
8388608	19	3970.5
8388608	20	3965.7
8388608	21	3961.6
8388608	22	3959.5
8388608	23	3951.9
8388608	24	3950.9
8388608	25	3952.1
8388608	26	3944.3
8388608	27	3947.3
8388608	28	3944.4
8388608	29	3946.9
8388608	30	3938.9
8388608	31	3935.3
8388608	32	3937.1
8388608	33	3929.6
8388608	34	3936.3
8388608	35	3944.5
8388608	36	3940.1
8388608	37	3932.0
8388608	38	3936.7
8388608	39	3935.3
8388608	40	3936.8
8388608	41	3936.6
8388608	42	3930.8
8388608	43	4115.5
8388608	44	4144.3
8388608	45	4176.6
8388608	46	4190.3
8388608	47	4203.9
8388608	48	4242.2
8388608	49	4246.2
8388608	50	4267.2
8388608	51	4285.0
8388608	52	4290.8
8388608	53	4317.9
8388608	54	4325.6
8388608	55	4353.0
8388608	56	4372.4
8388608	57	4377.4
8388608	58	4374.8
8388608	59	4378.6
8388608	60	4382.4
8388608	61	4379.7
8388608	62	4385.9
8388608	63	4362.5
8388608	64	4372.1
8388608	65	4365.1
8388608	66	4369.1
8388608	67	4378.1
8388608	68	4374.1
8388608	69	4378.7
8388608	70	4378.1
8388608	71	4382.9
8388608	72	4385.2
8388608	73	4376.7
8388608	74	4375.5
8388608	75	4376.3
8388608	76	4386.4
8388608	77	4371.1
8388608	78	4389.7
8388608	79	4375.2
8388608	80	4379.4
8388608	81	4375.4
8388608	82	4372.2
8388608	83	4379.1
8388608	84	4380.4
8388608	85	4375.0
8388608	86	4378.9
8388608	87	4373.6
8388608	88	4383.2
8388608	89	4371.8
8388608	90	4376.7
8388608	91	4367.6
8388608	92	4375.9
8388608	93	4372.7
8388608	94	4356.1
8388608	95	4375.9
8388608	96	4386.9
8388608	97	4374.0
8388608	98	4374.8
8388608	99	4376.4
8388608	100	4371.8
8388608	101	4379.3
8388608	102	4373.9
8388608	103	4369.1
8388608	104	4373.1
8388608	105	4365.7
8388608	106	4376.9
8388608	107	4364.8
8388608	108	4375.9
8388608	109	4374.3
8388608	110	4363.9
8388608	111	4370.3
8388608	112	4369.8
8388608	113	4379.4
8388608	114	4358.6
8388608	115	4368.2
8388608	116	4369.8
8388608	117	4377.6
8388608	118	4377.9
8388608	119	4373.2
8388608	120	4381.0
8388608	121	4379.5
8388608	122	4382.6
8388608	123	4367.0
8388608	124	4368.4
8388608	125	4369.3
8388608	126	4361.2
8388608	127	4370.4
4194304	1	8000.1
4194304	2	7999.8
4194304	3	7939.5
4194304	4	7162.2
4194304	5	6324.2
4194304	6	5353.9
4194304	7	4628.0
4194304	8	4074.5
4194304	9	4051.9
4194304	10	4034.1
4194304	11	4021.4
4194304	12	4006.6
4194304	13	3999.3
4194304	14	4002.9
4194304	15	3995.6
4194304	16	3985.2
4194304	17	3980.5
4194304	18	3976.1
4194304	19	3970.4
4194304	20	3963.3
4194304	21	3961.7
4194304	22	3956.4
4194304	23	3945.0
4194304	24	3956.0
4194304	25	3951.8
4194304	26	3950.0
4194304	27	3941.2
4194304	28	3943.9
4194304	29	3940.9
4194304	30	3933.7
4194304	31	3934.2
4194304	32	3931.5
4194304	33	3931.8
4194304	34	3939.2
4194304	35	3937.3
4194304	36	3939.0
4194304	37	3929.0
4194304	38	3936.1
4194304	39	3941.4
4194304	40	3936.3
4194304	41	3936.0
4194304	42	3925.7
4194304	43	4108.3
4194304	44	4142.0
4194304	45	4175.0
4194304	46	4180.2
4194304	47	4201.9
4194304	48	4234.2
4194304	49	4233.2
4194304	50	4258.4
4194304	51	4272.5
4194304	52	4298.3
4194304	53	4314.6
4194304	54	4330.0
4194304	55	4348.5
4194304	56	4376.8
4194304	57	4375.5
4194304	58	4379.1
4194304	59	4378.2
4194304	60	4379.5
4194304	61	4378.8
4194304	62	4376.1
4194304	63	4368.8
4194304	64	4365.1
4194304	65	4394.2
4194304	66	4372.6
4194304	67	4374.6
4194304	68	4367.7
4194304	69	4377.2
4194304	70	4378.8
4194304	71	4385.3
4194304	72	4383.6
4194304	73	4379.5
4194304	74	4368.1
4194304	75	4379.6
4194304	76	4379.0
4194304	77	4389.2
4194304	78	4385.7
4194304	79	4373.9
4194304	80	4361.7
4194304	81	4381.1
4194304	82	4381.3
4194304	83	4399.0
4194304	84	4403.1
4194304	85	4421.1
4194304	86	4417.8
4194304	87	4455.5
4194304	88	4434.3
4194304	89	4575.7
4194304	90	4520.1
4194304	91	4476.3
4194304	92	4568.0
4194304	93	4667.7
4194304	94	4558.4
4194304	95	4590.5
4194304	96	4382.8
4194304	97	4671.7
4194304	98	4691.3
4194304	99	4692.5
4194304	100	4706.7
4194304	101	4749.7
4194304	102	4752.1
4194304	103	4793.6
4194304	104	4851.8
4194304	105	4710.8
4194304	106	4955.9
4194304	107	4999.6
4194304	108	5096.3
4194304	109	4998.2
4194304	110	5065.9
4194304	111	5169.4
4194304	112	4374.7
4194304	113	4945.0
4194304	114	5360.0
4194304	115	5314.1
4194304	116	5487.0
4194304	117	4747.8
4194304	118	5475.5
4194304	119	5457.9
4194304	120	5640.3
4194304	121	5591.2
4194304	122	5617.0
4194304	123	5680.2
4194304	124	5647.3
4194304	125	5924.8
4194304	126	5667.7
4194304	127	5117.0
2097152	1	7999.6
2097152	2	7997.6
2097152	3	7930.7
2097152	4	7158.8
2097152	5	6345.3
2097152	6	5346.5
2097152	7	4621.8
2097152	8	4075.4
2097152	9	4051.9
2097152	10	4030.0
2097152	11	4019.7
2097152	12	4008.9
2097152	13	3993.8
2097152	14	3997.5
2097152	15	3997.6
2097152	16	3987.4
2097152	17	3982.1
2097152	18	3980.1
2097152	19	3968.9
2097152	20	3968.1
2097152	21	3954.5
2097152	22	3958.3
2097152	23	3951.5
2097152	24	3949.9
2097152	25	3946.3
2097152	26	3945.3
2097152	27	3931.2
2097152	28	3940.2
2097152	29	3946.2
2097152	30	3930.7
2097152	31	3932.6
2097152	32	3934.2
2097152	33	3931.9
2097152	34	3927.1
2097152	35	3931.4
2097152	36	3931.7
2097152	37	3922.4
2097152	38	3942.5
2097152	39	3947.3
2097152	40	3937.1
2097152	41	3936.5
2097152	42	3935.6
2097152	43	4147.4
2097152	44	4192.2
2097152	45	4339.5
2097152	46	4293.8
2097152	47	4298.5
2097152	48	4240.1
2097152	49	4387.5
2097152	50	4502.4
2097152	51	4546.2
2097152	52	4624.2
2097152	53	4784.8
2097152	54	4927.6
2097152	55	4958.1
2097152	56	5227.3
2097152	57	5198.3
2097152	58	5316.1
2097152	59	5384.3
2097152	60	5329.1
2097152	61	5563.3
2097152	62	5562.0
2097152	63	5353.7
2097152	64	4359.3
2097152	65	5561.2
2097152	66	5864.9
2097152	67	6099.6
2097152	68	5811.3
2097152	69	6128.0
2097152	70	5823.8
2097152	71	6359.9
2097152	72	6248.4
2097152	73	6466.7
2097152	74	6637.2
2097152	75	6602.3
2097152	76	6664.2
2097152	77	6520.2
2097152	78	6165.6
2097152	79	6710.1
2097152	80	4420.2
2097152	81	6808.7
2097152	82	6979.5
2097152	83	6839.2
2097152	84	6977.7
2097152	85	7262.7
2097152	86	7187.9
2097152	87	6959.9
2097152	88	7081.5
2097152	89	6350.1
2097152	90	6699.6
2097152	91	6187.7
2097152	92	7257.9
2097152	93	7089.6
2097152	94	7159.4
2097152	95	7318.9
2097152	96	4368.5
2097152	97	7246.6
2097152	98	7196.7
2097152	99	7379.0
2097152	100	7379.9
2097152	101	7600.9
2097152	102	7623.0
2097152	103	7592.3
2097152	104	7633.1
2097152	105	6317.0
2097152	106	7476.4
2097152	107	7411.6
2097152	108	7661.8
2097152	109	7727.0
2097152	110	7659.9
2097152	111	7593.6
2097152	112	5265.3
2097152	113	7327.7
2097152	114	7559.5
2097152	115	7703.9
2097152	116	7628.3
2097152	117	6492.5
2097152	118	7700.0
2097152	119	7871.1
2097152	120	7927.7
2097152	121	7734.4
2097152	122	7696.0
2097152	123	7831.4
2097152	124	7768.0
2097152	125	7757.8
2097152	126	7556.6
2097152	127	7575.2
1048576	1	7998.9
1048576	2	7997.2
1048576	3	7913.7
1048576	4	7186.4
1048576	5	6329.6
1048576	6	5331.8
1048576	7	4618.6
1048576	8	4075.2
1048576	9	4046.4
1048576	10	4019.0
1048576	11	4022.7
1048576	12	4005.7
1048576	13	3993.1
1048576	14	3995.4
1048576	15	3994.0
1048576	16	3992.6
1048576	17	3983.8
1048576	18	3978.1
1048576	19	3975.8
1048576	20	3984.1
1048576	21	3982.6
1048576	22	3989.3
1048576	23	3964.9
1048576	24	3969.4
1048576	25	4003.1
1048576	26	4052.3
1048576	27	4053.3
1048576	28	4081.7
1048576	29	4149.3
1048576	30	4182.5
1048576	31	4226.9
1048576	32	3945.2
1048576	33	4426.9
1048576	34	4497.1
1048576	35	4610.7
1048576	36	4928.0
1048576	37	4774.1
1048576	38	5270.0
1048576	39	5437.8
1048576	40	6000.2
1048576	41	6088.3
1048576	42	5611.8
1048576	43	6282.2
1048576	44	6414.4
1048576	45	6179.5
1048576	46	6857.0
1048576	47	7056.5
1048576	48	4438.7
1048576	49	7064.9
1048576	50	6999.3
1048576	51	7249.2
1048576	52	7241.8
1048576	53	7438.1
1048576	54	7409.3
1048576	55	7284.8
1048576	56	6891.2
1048576	57	7422.3
1048576	58	7310.1
1048576	59	7367.8
1048576	60	7388.5
1048576	61	7422.6
1048576	62	7503.3
1048576	63	7319.4
1048576	64	4204.7
1048576	65	7323.6
1048576	66	7427.4
1048576	67	7387.3
1048576	68	7502.5
1048576	69	7344.7
1048576	70	7447.6
1048576	71	7627.1
1048576	72	7286.9
1048576	73	7776.3
1048576	74	7816.9
1048576	75	7690.0
1048576	76	7712.2
1048576	77	7725.4
1048576	78	7841.0
1048576	79	7565.4
1048576	80	6480.3
1048576	81	7906.9
1048576	82	7845.3
1048576	83	7896.1
1048576	84	7758.3
1048576	85	7772.3
1048576	86	7834.1
1048576	87	7712.6
1048576	88	7924.6
1048576	89	7835.5
1048576	90	7891.5
1048576	91	7892.3
1048576	92	7910.1
1048576	93	7865.1
1048576	94	7871.2
1048576	95	7778.0
1048576	96	4580.6
1048576	97	7716.9
1048576	98	7883.2
1048576	99	7877.5
1048576	100	7841.1
1048576	101	7773.9
1048576	102	7858.7
1048576	103	7864.3
1048576	104	7882.6
1048576	105	7897.4
1048576	106	7868.3
1048576	107	7891.3
1048576	108	7911.5
1048576	109	7884.9
1048576	110	7842.8
1048576	111	7854.3
1048576	112	7073.4
1048576	113	7919.0
1048576	114	7862.0
1048576	115	7860.8
1048576	116	7872.9
1048576	117	7918.7
1048576	118	7889.6
1048576	119	7867.5
1048576	120	7892.0
1048576	121	7845.3
1048576	122	7898.1
1048576	123	7874.1
1048576	124	7856.6
1048576	125	7800.0
1048576	126	7831.3
1048576	127	7829.5
524288	1	7997.5
524288	2	7995.1
524288	3	7923.9
524288	4	7199.3
524288	5	6377.1
524288	6	5385.2
524288	7	4650.0
524288	8	4082.1
524288	9	4105.3
524288	10	4108.7
524288	11	4155.0
524288	12	4195.7
524288	13	4254.4
524288	14	4391.5
524288	15	4408.9
524288	16	4007.0
524288	17	4680.1
524288	18	4812.5
524288	19	5071.9
524288	20	5023.9
524288	21	5147.0
524288	22	5403.1
524288	23	5333.1
524288	24	5783.6
524288	25	5864.1
524288	26	6308.8
524288	27	6266.1
524288	28	6241.7
524288	29	6673.5
524288	30	7213.8
524288	31	7529.1
524288	32	3988.4
524288	33	7726.3
524288	34	7630.7
524288	35	7642.8
524288	36	7746.8
524288	37	7777.9
524288	38	7562.4
524288	39	7734.4
524288	40	7793.8
524288	41	7720.4
524288	42	7811.2
524288	43	7797.7
524288	44	7881.7
524288	45	7862.5
524288	46	7855.6
524288	47	7796.2
524288	48	6846.1
524288	49	7920.3
524288	50	7777.6
524288	51	7908.2
524288	52	7933.4
524288	53	7845.6
524288	54	7911.5
524288	55	7866.4
524288	56	7910.0
524288	57	7898.9
524288	58	7904.2
524288	59	7889.6
524288	60	7904.9
524288	61	7904.7
524288	62	7896.6
524288	63	7871.7
524288	64	4313.9
524288	65	7886.3
524288	66	7893.3
524288	67	7854.0
524288	68	7867.8
524288	69	7826.1
524288	70	7891.2
524288	71	7855.8
524288	72	7821.9
524288	73	7892.8
524288	74	7863.7
524288	75	7870.5
524288	76	7839.1
524288	77	7858.6
524288	78	7832.2
524288	79	7799.2
524288	80	7818.6
524288	81	7858.3
524288	82	7822.8
524288	83	7850.9
524288	84	7828.4
524288	85	7844.2
524288	86	7834.1
524288	87	7863.6
524288	88	7838.6
524288	89	7853.8
524288	90	7833.6
524288	91	7795.2
524288	92	7835.2
524288	93	7829.7
524288	94	7865.5
524288	95	7842.6
524288	96	7151.8
524288	97	7782.6
524288	98	7824.8
524288	99	7797.7
524288	100	7835.0
524288	101	7821.0
524288	102	7799.1
524288	103	7853.2
524288	104	7821.5
524288	105	7791.0
524288	106	7772.8
524288	107	7821.8
524288	108	7795.2
524288	109	7768.3
524288	110	7744.4
524288	111	7813.0
524288	112	7778.6
524288	113	7767.5
524288	114	7831.6
524288	115	7799.7
524288	116	7779.7
524288	117	7750.6
524288	118	7807.7
524288	119	7790.7
524288	120	7764.5
524288	121	7748.8
524288	122	7813.2
524288	123	7801.1
524288	124	7687.7
524288	125	7780.2
524288	126	7851.4
524288	127	7829.5
262144	1	7995.4
262144	2	7986.5
262144	3	7954.7
262144	4	7660.6
262144	5	7509.7
262144	6	7458.4
262144	7	7329.0
262144	8	6617.8
262144	9	6559.2
262144	10	7240.1
262144	11	7505.2
262144	12	7653.2
262144	13	7604.3
262144	14	7708.7
262144	15	7818.1
262144	16	6251.7
262144	17	7831.5
262144	18	7811.0
262144	19	7704.4
262144	20	7694.0
262144	21	7780.3
262144	22	7839.3
262144	23	7777.6
262144	24	7791.8
262144	25	7767.1
262144	26	7877.1
262144	27	7711.6
262144	28	7819.9
262144	29	7792.7
262144	30	7714.6
262144	31	7903.3
262144	32	6202.2
262144	33	7914.7
262144	34	7710.5
262144	35	7883.6
262144	36	7883.5
262144	37	7617.7
262144	38	7855.4
262144	39	7823.9
262144	40	7835.6
262144	41	7788.2
262144	42	7722.8
262144	43	7815.9
262144	44	7792.0
262144	45	7683.3
262144	46	7691.0
262144	47	7775.8
262144	48	7751.6
262144	49	7824.8
262144	50	7719.6
262144	51	7777.6
262144	52	7755.9
262144	53	7840.0
262144	54	7829.5
262144	55	7860.5
262144	56	7606.2
262144	57	7855.9
262144	58	7659.8
262144	59	7857.9
262144	60	7802.3
262144	61	7839.1
262144	62	7817.0
262144	63	7864.9
262144	64	5396.3
262144	65	7892.3
262144	66	7870.9
262144	67	7824.5
262144	68	7882.5
262144	69	7855.6
262144	70	7815.3
262144	71	7780.6
262144	72	7730.2
262144	73	7932.4
262144	74	7887.5
262144	75	7751.5
262144	76	7806.9
262144	77	7768.9
262144	78	7864.3
262144	79	7832.7
262144	80	7766.9
262144	81	7772.5
262144	82	7847.8
262144	83	7842.0
262144	84	7782.8
262144	85	7889.8
262144	86	7870.9
262144	87	7835.7
262144	88	7800.0
262144	89	7769.1
262144	90	7870.8
262144	91	7842.1
262144	92	7681.6
262144	93	7788.9
262144	94	7764.5
262144	95	7883.3
262144	96	7661.2
262144	97	7822.1
262144	98	7782.0
262144	99	7765.0
262144	100	7730.0
262144	101	7864.1
262144	102	7809.9
262144	103	7798.5
262144	104	7615.9
262144	105	7734.6
262144	106	7728.6
262144	107	7719.4
262144	108	7672.0
262144	109	7824.2
262144	110	7802.0
262144	111	7753.0
262144	112	7707.1
262144	113	7754.0
262144	114	7878.7
262144	115	7859.1
262144	116	7814.6
262144	117	7798.0
262144	118	7756.4
262144	119	7763.9
262144	120	7725.2
262144	121	7711.2
262144	122	7696.9
262144	123	7866.6
262144	124	7649.8
262144	125	7819.8
262144	126	7782.8
262144	127	7749.3
131072	1	7994.0
131072	2	7990.0
131072	3	7979.7
131072	4	7964.4
131072	5	7977.1
131072	6	7912.7
131072	7	7968.2
131072	8	7950.4
131072	9	7958.4
131072	10	7952.9
131072	11	7934.2
131072	12	7920.2
131072	13	7939.1
131072	14	7916.1
131072	15	7918.0
131072	16	7891.2
131072	17	7889.8
131072	18	7899.0
131072	19	7863.5
131072	20	7913.0
131072	21	7909.6
131072	22	7857.4
131072	23	7874.6
131072	24	7832.4
131072	25	7867.1
131072	26	7843.6
131072	27	7829.5
131072	28	7814.0
131072	29	7816.4
131072	30	7802.3
131072	31	7817.0
131072	32	7822.7
131072	33	7870.9
131072	34	7897.1
131072	35	7785.7
131072	36	7745.2
131072	37	7887.5
131072	38	7823.0
131072	39	7864.3
131072	40	7817.4
131072	41	7865.4
131072	42	7800.5
131072	43	7870.9
131072	44	7800.0
131072	45	7870.8
131072	46	7815.7
131072	47	7764.5
131072	48	7800.5
131072	49	7802.6
131072	50	7899.4
131072	51	7682.5
131072	52	7787.0
131072	53	7728.6
131072	54	7852.5
131072	55	7825.3
131072	56	7753.5
131072	57	7710.5
131072	58	7839.3
131072	59	7781.1
131072	60	7750.2
131072	61	7671.9
131072	62	7830.1
131072	63	7782.8
131072	64	7715.5
131072	65	7700.5
131072	66	7854.8
131072	67	7824.5
131072	68	7793.5
131072	69	7765.9
131072	70	7712.8
131072	71	7692.1
131072	72	7641.7
131072	73	7804.8
131072	74	7792.9
131072	75	7749.3
131072	76	7678.2
131072	77	7673.4
131072	78	7636.8
131072	79	7572.7
131072	80	7571.1
131072	81	7510.2
131072	82	7744.1
131072	83	7685.9
131072	84	7661.2
131072	85	7641.0
131072	86	7620.5
131072	87	7814.6
131072	88	7800.0
131072	89	7747.8
131072	90	7700.5
131072	91	7689.8
131072	92	7389.1
131072	93	7635.4
131072	94	7591.6
131072	95	7585.0
131072	96	7508.0
131072	97	7822.1
131072	98	7782.0
131072	99	7782.8
131072	100	7747.8
131072	101	7712.4
131072	102	7641.0
131072	103	7646.4
131072	104	7615.9
131072	105	7585.0
131072	106	7596.0
131072	107	7522.3
131072	108	7538.9
131072	109	7513.0
131072	110	7486.8
131072	111	7460.2
131072	112	7439.8
131072	113	7727.1
131072	114	7391.7
131072	115	7687.0
131072	116	7666.5
131072	117	7605.4
131072	118	7584.3
131072	119	7617.5
131072	120	7555.2
131072	121	7540.3
131072	122	7525.3
131072	123	7462.2
131072	124	7453.7
131072	125	7437.9
131072	126	7429.0
131072	127	7371.9
65536	1	7990.9
65536	2	7982.1
65536	3	7967.8
65536	4	7946.9
65536	5	7948.5
65536	6	7883.8
65536	7	7867.7
65536	8	7891.2
65536	9	7891.2
65536	10	7852.7
65536	11	7857.4
65536	12	7832.4
65536	13	7843.6
65536	14	7814.0
65536	15	7815.0
65536	16	7822.7
65536	17	7867.8
65536	18	7836.1
65536	19	7823.0
65536	20	7800.5
65536	21	7800.5
65536	22	7800.0
65536	23	7681.6
65536	24	7841.2
65536	25	7750.7
65536	26	7787.0
65536	27	7852.5
65536	28	7753.5
65536	29	7814.6
65536	30	7725.2
65536	31	7830.1
65536	32	7689.2
65536	33	7661.9
65536	34	7793.5
65536	35	7684.1
65536	36	7641.7
65536	37	7761.8
65536	38	7709.4
65536	39	7636.8
65536	40	7800.5
65536	41	7744.1
65536	42	7661.2
65536	43	7620.5
65536	44	7800.0
65536	45	7737.7
65536	46	7678.9
65536	47	7629.3
65536	48	7583.8
65536	49	7504.0
65536	50	7747.8
65536	51	7682.5
65536	52	7657.9
65536	53	7596.0
65536	54	7538.9
65536	55	7486.8
65536	56	7707.1
65536	57	7391.7
65536	58	7666.5
65536	59	7631.7
65536	60	7555.2
65536	61	7525.3
65536	62	7453.7
65536	63	7429.0
65536	64	7314.7
65536	65	7295.2
65536	66	7631.2
65536	67	7630.3
65536	68	7566.9
65536	69	7199.8
65536	70	7101.1
65536	71	7465.9
65536	72	7470.6
65536	73	7363.9
65536	74	7375.5
65536	75	7331.0
65536	76	7294.3
65536	77	7673.4
65536	78	7636.8
65536	79	7599.6
65536	80	7571.1
65536	81	7542.0
65536	82	7512.4
65536	83	7418.4
65536	84	7461.3
65536	85	7375.2
65536	86	7353.1
65536	87	7330.5
65536	88	7307.6
65536	89	7229.0
65536	90	7214.9
65536	91	7200.4
65536	92	7185.8
65536	93	7105.0
65536	94	7099.5
65536	95	7083.6
65536	96	7011.6
65536	97	7500.5
65536	98	7498.4
65536	99	6991.8
65536	100	7505.7
65536	101	7425.5
65536	102	7280.9
65536	103	7364.7
65536	104	7295.2
65536	105	7302.6
65536	106	7232.4
65536	107	7239.2
65536	108	7246.1
65536	109	7186.3
65536	110	7192.8
65536	111	7132.3
65536	112	7150.4
65536	113	7077.1
65536	114	7094.8
65536	115	7033.0
65536	116	6971.2
65536	117	7000.4
65536	118	7017.7
65536	119	6954.5
65536	120	6903.9
65536	121	6920.2
65536	122	7477.7
65536	123	6885.1
65536	124	6833.4
65536	125	7390.2
65536	126	6809.9
65536	127	7371.9
32768	1	7713.9
32768	2	7689.2
32768	3	7665.0
32768	4	7646.8
32768	5	7616.2
32768	6	7599.6
32768	7	7544.9
32768	8	7579.3
32768	9	7533.9
32768	10	7539.4
32768	11	7522.4
32768	12	7498.6
32768	13	7492.4
32768	14	7472.2
32768	15	7472.9
32768	16	7435.4
32768	17	7438.0
32768	18	7415.3
32768	19	7393.8
32768	20	7384.9
32768	21	7349.5
32768	22	7345.3
32768	23	7320.1
32768	24	7324.8
32768	25	7315.2
32768	26	7257.0
32768	27	7271.8
32768	28	7251.2
32768	29	7263.0
32768	30	7214.9
32768	31	7155.5
32768	32	7152.2
32768	33	7109.2
32768	34	7133.8
32768	35	7076.7
32768	36	7099.7
32768	37	7132.3
32768	38	7103.1
32768	39	7080.9
32768	40	6984.2
32768	41	7088.3
32768	42	7062.2
32768	43	7014.7
32768	44	6906.8
32768	45	6963.9
32768	46	6962.2
32768	47	6907.6
32768	48	6979.0
32768	49	6932.5
32768	50	6961.8
32768	51	6856.7
32768	52	6930.4
32768	53	6798.4
32768	54	6872.6
32768	55	6818.1
32768	56	6846.2
32768	57	6826.4
32768	58	6818.0
32768	59	6709.2
32768	60	6711.0
32768	61	6712.9
32768	62	6600.4
32768	63	6769.7
32768	64	6745.3
32768	65	6639.9
32768	66	6654.1
32768	67	6682.4
32768	68	6614.2
32768	69	6600.4
32768	70	6686.1
32768	71	6586.1
32768	72	6585.9
32768	73	6527.6
32768	74	6570.7
32768	75	6481.5
32768	76	6539.7
32768	77	6584.9
32768	78	6507.4
32768	79	6552.9
32768	80	6473.8
32768	81	6535.7
32768	82	6454.8
32768	83	6373.9
32768	84	6451.5
32768	85	6368.8
32768	86	6448.1
32768	87	6363.5
32768	88	6444.5
32768	89	6375.2
32768	90	6256.6
32768	91	6187.9
32768	92	6316.5
32768	93	6195.6
32768	94	6327.7
32768	95	6254.9
32768	96	6358.0
32768	97	6127.7
32768	98	6227.5
32768	99	6101.2
32768	100	6256.0
32768	101	6198.6
32768	102	6141.3
32768	103	6246.8
32768	104	6187.9
32768	105	6129.0
32768	106	6070.0
32768	107	6011.1
32768	108	6289.1
32768	109	6055.4
32768	110	5994.9
32768	111	6123.0
32768	112	6060.8
32768	113	5998.5
32768	114	6130.5
32768	115	6066.4
32768	116	6023.7
32768	117	5981.0
32768	118	6094.4
32768	119	5874.2
32768	120	6006.4
32768	121	6527.9
32768	122	6479.5
32768	123	7137.0
32768	124	6382.8
32768	125	6550.4
32768	126	6729.8
32768	127	6450.4
16384	1	7699.1
16384	2	7663.1
16384	3	7628.5
16384	4	7598.4
16384	5	7539.4
16384	6	7498.6
16384	7	7407.7
16384	8	7472.4
16384	9	7415.3
16384	10	7384.9
16384	11	7345.3
16384	12	7271.6
16384	13	7314.4
16384	14	7251.2
16384	15	7193.3
16384	16	7221.0
16384	17	7133.8
16384	18	7176.1
16384	19	7103.1
16384	20	7066.3
16384	21	7062.2
16384	22	7025.3
16384	23	6900.9
16384	24	6979.0
16384	25	6995.6
16384	26	6930.4
16384	27	6872.6
16384	28	6738.6
16384	29	6818.0
16384	30	6711.0
16384	31	6600.4
16384	32	6745.3
16384	33	6654.1
16384	34	6573.1
16384	35	6516.9
16384	36	6629.6
16384	37	6526.6
16384	38	6494.9
16384	39	6507.4
16384	40	6473.8
16384	41	6407.7
16384	42	6451.5
16384	43	6302.6
16384	44	6444.5
16384	45	6458.5
16384	46	6316.5
16384	47	6174.6
16384	48	6358.0
16384	49	6390.0
16384	50	6256.0
16384	51	6141.3
16384	52	6187.9
16384	53	6237.1
16384	54	6116.0
16384	55	5994.9
16384	56	5893.9
16384	57	6130.5
16384	58	5853.2
16384	59	5916.9
16384	60	5831.4
16384	61	6936.9
16384	62	6833.4
16384	63	6500.4
16384	64	8046.2
16384	65	8153.4
16384	66	8267.2
16384	67	5835.1
16384	68	6600.4
16384	69	7900.5
16384	70	7800.5
16384	71	7667.1
16384	72	6090.6
16384	73	7467.1
16384	74	7597.3
16384	75	7736.0
16384	76	7391.1
16384	77	7523.0
16384	78	7452.1
16384	79	7345.6
16384	80	7239.2
16384	81	7168.2
16384	82	7297.1
16384	83	7472.9
16384	84	7397.0
16384	85	7283.2
16384	86	7464.7
16384	87	5744.8
16384	88	7307.6
16384	89	6979.7
16384	90	6903.9
16384	91	7071.9
16384	92	6993.3
16384	93	7170.8
16384	94	6836.1
16384	95	6757.6
16384	96	6926.4
16384	97	6844.9
16384	98	5248.9
16384	99	6981.2
16384	100	6641.2
16384	101	6854.3
16384	102	6518.9
16384	103	6727.3
16384	104	6642.7
16384	105	6600.4
16384	106	6515.8
16384	107	6473.5
16384	108	6644.4
16384	109	6600.4
16384	110	6783.8
16384	111	6219.6
16384	112	6424.4
16384	113	6600.4
16384	114	6292.4
16384	115	6508.7
16384	116	6204.4
16384	117	6417.1
16384	118	6072.4
16384	119	6279.6
16384	120	6233.7
16384	121	6187.9
16384	122	6409.1
16384	123	6361.3
16384	124	6313.4
16384	125	6862.3
16384	126	5958.7
16384	127	5912.9
8192	1	7484.8
8192	2	7863.7
8192	3	7841.2
8192	4	7768.8
8192	5	7571.1
8192	6	7583.8
8192	7	7354.7
8192	8	7411.0
8192	9	7470.6
8192	10	7571.1
8192	11	7242.9
8192	12	7578.2
8192	13	7372.8
8192	14	7071.9
8192	15	6903.9
8192	16	7411.0
8192	17	7150.4
8192	18	7049.7
8192	19	6871.4
8192	20	6715.3
8192	21	6600.4
8192	22	6495.6
8192	23	7120.4
8192	24	7077.8
8192	25	6917.7
8192	26	6794.5
8192	27	6666.4
8192	28	6555.5
8192	29	6462.9
8192	30	6256.6
8192	31	7083.4
8192	32	6549.2
8192	33	7794.8
8192	34	5739.5
8192	35	7571.1
8192	36	7567.1
8192	37	7597.3
8192	38	7629.5
8192	39	8250.5
8192	40	7239.2
8192	41	7297.1
8192	42	7661.2
8192	43	6147.4
8192	44	7055.6
8192	45	6067.0
8192	46	6993.3
8192	47	6836.1
8192	48	6679.0
8192	49	7348.5
8192	50	6896.6
8192	51	5176.8
8192	52	6642.7
8192	53	6515.8
8192	54	6388.9
8192	55	6512.4
8192	56	6424.4
8192	57	6292.4
8192	58	7050.4
8192	59	6325.4
8192	60	6233.7
8192	61	6142.0
8192	62	6050.4
8192	63	5958.7
8192	64	6122.1
8192	65	6026.5
8192	66	6200.4
8192	67	5592.0
8192	68	6286.1
8192	69	6181.3
8192	70	5850.4
8192	71	6024.2
8192	72	6542.5
8192	73	5867.0
8192	74	6050.4
8192	75	5450.3
8192	76	5605.1
8192	77	5300.3
8192	78	5250.3
8192	79	5395.6
8192	80	8631.3
8192	81	7936.2
8192	82	7779.1
8192	83	7700.5
8192	84	7621.9
8192	85	8123.6
8192	86	4976.5
8192	87	5170.3
8192	88	5115.3
8192	89	10120.6
8192	90	8342.2
8192	91	8250.5
8192	92	8158.8
8192	93	6914.7
8192	94	7975.5
8192	95	4979.3
8192	96	4921.4
8192	97	7108.1
8192	98	5072.5
8192	99	7517.1
8192	100	8100.5
8192	101	6854.3
8192	102	8800.5
8192	103	3476.2
8192	104	7150.4
8192	105	8580.5
8192	106	7058.8
8192	107	7600.5
8192	108	7500.5
8192	109	6875.4
8192	110	7400.5
8192	111	7300.5
8192	112	7300.5
8192	113	7920.5
8192	114	7100.4
8192	115	7100.4
8192	116	4278.0
8192	117	7700.5
8192	118	6900.4
8192	119	6800.4
8192	120	7480.5
8192	121	6142.0
8192	122	7370.5
8192	123	7260.5
8192	124	4033.6
8192	125	6500.4
8192	126	7150.4
8192	127	6400.4
4096	1	7863.7
4096	2	7768.8
4096	3	7583.8
4096	4	7411.0
4096	5	7571.1
4096	6	7578.2
4096	7	6995.0
4096	8	7411.0
4096	9	7049.7
4096	10	6715.3
4096	11	7179.4
4096	12	7077.8
4096	13	6930.4
4096	14	6555.5
4096	15	6256.6
4096	16	8046.2
4096	17	5739.5
4096	18	7567.1
4096	19	7629.5
4096	20	7239.2
4096	21	7944.9
4096	22	7055.6
4096	23	6752.1
4096	24	6679.0
4096	25	6896.6
4096	26	6642.7
4096	27	6388.9
4096	28	6424.4
4096	29	6204.4
4096	30	6504.8
4096	31	6050.4
4096	32	6122.1
4096	33	6200.4
4096	34	5739.5
4096	35	6774.1
4096	36	5650.4
4096	37	5500.3
4096	38	5350.3
4096	39	5250.3
4096	40	5100.3
4096	41	5186.0
4096	42	8208.2
4096	43	5225.3
4096	44	8525.5
4096	45	4767.0
4096	46	7531.2
4096	47	4785.3
4096	48	7192.8
4096	49	7023.5
4096	50	7425.5
4096	51	4631.9
4096	52	7800.5
4096	53	8470.5
4096	54	6875.4
4096	55	7400.5
4096	56	8030.5
4096	57	7100.4
4096	58	7000.4
4096	59	6900.4
4096	60	6800.4
4096	61	6700.4
4096	62	7260.5
4096	63	6500.4
4096	64	7040.4
4096	65	4076.7
4096	66	6820.4
4096	67	4194.0
4096	68	6600.4
4096	69	6490.4
4096	70	7089.3
4096	71	7838.0
4096	72	3623.8
4096	73	6844.9
4096	74	3559.0
4096	75	7425.5
4096	76	8329.1
4096	77	7288.0
4096	78	7150.4
4096	79	7012.9
4096	80	7012.9
4096	81	6875.4
4096	82	6737.9
4096	83	6737.9
4096	84	6600.4
4096	85	6600.4
4096	86	5744.8
4096	87	7386.2
4096	88	6325.4
4096	89	7229.0
4096	90	7071.9
4096	91	6187.9
4096	92	6050.4
4096	93	6914.7
4096	94	6757.6
4096	95	6757.6
4096	96	5775.4
4096	97	6600.4
4096	98	6443.3
4096	99	6443.3
4096	100	5500.3
4096	101	6286.1
4096	102	6286.1
4096	103	4767.0
4096	104	5362.8
4096	105	7150.4
4096	106	5971.8
4096	107	5225.3
4096	108	5814.6
4096	109	5814.6
4096	110	5814.6
4096	111	4950.3
4096	112	5657.5
4096	113	4950.3
4096	114	5500.3
4096	115	5500.3
4096	116	5500.3
4096	117	4812.8
4096	118	5343.2
4096	119	5343.2
4096	120	4675.3
4096	121	4033.6
4096	122	5186.0
4096	123	5186.0
4096	124	5186.0
4096	125	4400.3
4096	126	5028.9
4096	127	5028.9
2048	1	7768.8
2048	2	7411.0
2048	3	7502.5
2048	4	6786.0
2048	5	6715.3
2048	6	6946.7
2048	7	6424.4
2048	8	6549.2
2048	9	6242.9
2048	10	7480.5
2048	11	7055.6
2048	12	6926.4
2048	13	6908.4
2048	14	6424.4
2048	15	5984.4
2048	16	6122.1
2048	17	5739.5
2048	18	5650.4
2048	19	5350.3
2048	20	8631.3
2048	21	5335.3
2048	22	8525.5
2048	23	7531.2
2048	24	4921.4
2048	25	8100.5
2048	26	7800.5
2048	27	4583.6
2048	28	6692.1
2048	29	4278.0
2048	30	4155.8
2048	31	6600.4
2048	32	7040.4
2048	33	6820.4
2048	34	3882.6
2048	35	7089.3
2048	36	6844.9
2048	37	3559.0
2048	38	6478.2
2048	39	6355.9
2048	40	7012.9
2048	41	6737.9
2048	42	5867.0
2048	43	6462.9
2048	44	5622.6
2048	45	5500.3
2048	46	6050.4
2048	47	6757.6
2048	48	6600.4
2048	49	5011.4
2048	50	5500.3
2048	51	6286.1
2048	52	1950.1
2048	53	5225.3
2048	54	5814.6
2048	55	5814.6
2048	56	5657.5
2048	57	5500.3
2048	58	5500.3
2048	59	5343.2
2048	60	5343.2
2048	61	5186.0
2048	62	5186.0
2048	63	4400.3
2048	64	5028.9
2048	65	4871.7
2048	66	4871.7
2048	67	5500.3
2048	68	5500.3
2048	69	3038.3
2048	70	2900.2
2048	71	3422.4
2048	72	3422.4
2048	73	2933.5
2048	74	3300.2
2048	75	2828.7
2048	76	3178.0
2048	77	2724.0
2048	78	2724.0
2048	79	2291.8
2048	80	3055.7
2048	81	2894.9
2048	82	2400.1
2048	83	2933.5
2048	84	2933.5
2048	85	2514.4
2048	86	2409.7
2048	87	2811.3
2048	88	2811.3
2048	89	2409.7
2048	90	2304.9
2048	91	2304.9
2048	92	2304.9
2048	93	2304.9
2048	94	2566.8
2048	95	2200.1
2048	96	2566.8
2048	97	2200.1
2048	98	2095.4
2048	99	2095.4
2048	100	2095.4
2048	101	2095.4
2048	102	2444.6
2048	103	2322.4
2048	104	2322.4
2048	105	1990.6
2048	106	2322.4
2048	107	1990.6
2048	108	2200.1
2048	109	1885.8
2048	110	1885.8
2048	111	2200.1
2048	112	1885.8
2048	113	2200.1
2048	114	1781.1
2048	115	2077.9
2048	116	2077.9
2048	117	1781.1
2048	118	2077.9
2048	119	1781.1
2048	120	2077.9
2048	121	1852.7
2048	122	1955.7
2048	123	1676.3
2048	124	1676.3
2048	125	1676.3
2048	126	1676.3
2048	127	1676.3
