268435456	1	3873.3
268435456	2	3456.5
268435456	3	3545.4
268435456	4	2728.7
268435456	5	2232.9
268435456	6	1888.7
268435456	7	1633.7
268435456	8	1435.3
268435456	9	1294.5
268435456	10	1177.3
268435456	11	1086.0
268435456	12	1022.9
268435456	13	972.2
268435456	14	926.4
268435456	15	891.7
268435456	16	758.8
268435456	17	853.2
268435456	18	844.8
268435456	19	837.5
268435456	20	828.2
268435456	21	819.3
268435456	22	811.5
268435456	23	805.0
268435456	24	797.7
268435456	25	796.4
268435456	26	790.9
268435456	27	786.0
268435456	28	782.8
268435456	29	780.1
268435456	30	774.7
268435456	31	770.7
268435456	32	708.1
268435456	33	764.2
268435456	34	763.1
268435456	35	758.8
268435456	36	758.1
268435456	37	758.9
268435456	38	762.8
268435456	39	783.6
268435456	40	787.9
268435456	41	883.2
268435456	42	885.9
268435456	43	887.0
268435456	44	891.3
268435456	45	895.3
268435456	46	892.5
268435456	47	872.5
268435456	48	814.5
268435456	49	866.3
268435456	50	890.9
268435456	51	896.0
268435456	52	898.4
268435456	53	895.3
268435456	54	894.8
268435456	55	894.6
268435456	56	897.9
268435456	57	891.8
268435456	58	886.9
268435456	59	882.9
268435456	60	882.8
268435456	61	873.1
268435456	62	872.5
268435456	63	839.7
268435456	64	844.5
268435456	65	836.7
268435456	66	861.0
268435456	67	858.2
268435456	68	861.8
268435456	69	855.2
268435456	70	859.9
268435456	71	859.0
268435456	72	860.0
268435456	73	857.4
268435456	74	855.3
268435456	75	854.5
268435456	76	856.3
268435456	77	853.6
268435456	78	848.8
268435456	79	822.0
268435456	80	817.5
268435456	81	821.5
268435456	82	844.3
268435456	83	849.4
268435456	84	851.0
268435456	85	848.8
268435456	86	854.2
268435456	87	848.6
268435456	88	851.0
268435456	89	847.8
268435456	90	848.2
268435456	91	848.5
268435456	92	852.6
268435456	93	834.3
268435456	94	841.3
268435456	95	829.2
268435456	96	831.3
268435456	97	828.5
268435456	98	841.3
268435456	99	852.0
268435456	100	857.6
268435456	101	851.4
268435456	102	853.4
268435456	103	859.5
268435456	104	859.3
268435456	105	857.1
268435456	106	857.8
268435456	107	854.8
268435456	108	858.1
268435456	109	857.1
268435456	110	851.4
268435456	111	845.0
268435456	112	812.3
268435456	113	849.2
268435456	114	855.6
268435456	115	859.5
268435456	116	868.4
268435456	117	870.3
268435456	118	840.0
268435456	119	864.6
268435456	120	877.3
268435456	121	880.7
268435456	122	879.2
268435456	123	877.5
268435456	124	888.2
268435456	125	886.2
268435456	126	889.8
268435456	127	890.7
134217728	1	7168.0
134217728	2	5094.9
134217728	3	3541.1
134217728	4	2740.1
134217728	5	2235.3
134217728	6	1890.0
134217728	7	1629.2
134217728	8	1436.7
134217728	9	1293.1
134217728	10	1178.2
134217728	11	1080.7
134217728	12	1034.8
134217728	13	1008.5
134217728	14	951.5
134217728	15	901.9
134217728	16	757.8
134217728	17	850.8
134217728	18	844.4
134217728	19	836.6
134217728	20	831.3
134217728	21	816.8
134217728	22	798.6
134217728	23	803.7
134217728	24	800.4
134217728	25	795.1
134217728	26	789.6
134217728	27	786.1
134217728	28	780.9
134217728	29	777.2
134217728	30	774.2
134217728	31	767.9
134217728	32	706.2
134217728	33	761.6
134217728	34	759.4
134217728	35	759.1
134217728	36	758.4
134217728	37	755.4
134217728	38	759.5
134217728	39	780.2
134217728	40	787.4
134217728	41	887.2
134217728	42	892.7
134217728	43	898.3
134217728	44	905.1
134217728	45	912.6
134217728	46	912.5
134217728	47	896.3
134217728	48	810.4
134217728	49	893.2
134217728	50	921.7
134217728	51	928.5
134217728	52	946.2
134217728	53	941.1
134217728	54	951.9
134217728	55	956.8
134217728	56	957.5
134217728	57	958.4
134217728	58	962.6
134217728	59	966.1
134217728	60	972.8
134217728	61	972.4
134217728	62	973.5
134217728	63	958.5
134217728	64	839.0
134217728	65	967.5
134217728	66	1000.4
134217728	67	1012.0
134217728	68	1030.9
134217728	69	1036.5
134217728	70	1047.8
134217728	71	1069.2
134217728	72	1082.1
134217728	73	1087.2
134217728	74	1105.0
134217728	75	1110.6
134217728	76	1136.1
134217728	77	1149.7
134217728	78	1156.7
134217728	79	1147.3
134217728	80	824.9
134217728	81	1193.5
134217728	82	1200.7
134217728	83	1249.1
134217728	84	1270.4
134217728	85	1287.9
134217728	86	1303.9
134217728	87	1329.2
134217728	88	1362.6
134217728	89	1376.3
134217728	90	1380.5
134217728	91	1404.4
134217728	92	1430.1
134217728	93	1427.8
134217728	94	1454.8
134217728	95	1454.7
134217728	96	832.1
134217728	97	1495.5
134217728	98	1518.3
134217728	99	1540.0
134217728	100	1618.7
134217728	101	1587.5
134217728	102	1641.9
134217728	103	1647.5
134217728	104	1732.1
134217728	105	1718.1
134217728	106	1745.0
134217728	107	1735.2
134217728	108	1754.9
134217728	109	1772.1
134217728	110	1779.0
134217728	111	1808.4
134217728	112	878.1
134217728	113	1818.4
134217728	114	1845.2
134217728	115	1886.8
134217728	116	1942.6
134217728	117	1920.6
134217728	118	1937.1
134217728	119	1937.6
134217728	120	2076.8
134217728	121	1967.8
134217728	122	1988.7
134217728	123	2038.3
134217728	124	2047.6
134217728	125	2082.4
134217728	126	2075.8
134217728	127	2115.6
67108864	1	7178.0
67108864	2	5103.3
67108864	3	3552.2
67108864	4	2742.0
67108864	5	2229.4
67108864	6	1889.0
67108864	7	1633.5
67108864	8	1438.0
67108864	9	1295.0
67108864	10	1174.5
67108864	11	1089.8
67108864	12	1021.5
67108864	13	971.3
67108864	14	926.0
67108864	15	889.5
67108864	16	754.3
67108864	17	846.3
67108864	18	840.1
67108864	19	831.3
67108864	20	838.7
67108864	21	875.6
67108864	22	809.8
67108864	23	800.4
67108864	24	793.5
67108864	25	792.3
67108864	26	788.0
67108864	27	781.7
67108864	28	780.1
67108864	29	778.5
67108864	30	772.8
67108864	31	771.3
67108864	32	704.4
67108864	33	770.5
67108864	34	765.9
67108864	35	767.7
67108864	36	767.8
67108864	37	771.0
67108864	38	778.0
67108864	39	864.3
67108864	40	875.3
67108864	41	1148.5
67108864	42	1205.0
67108864	43	1256.9
67108864	44	1318.7
67108864	45	1404.8
67108864	46	1503.9
67108864	47	1594.0
67108864	48	849.1
67108864	49	1669.4
67108864	50	1781.2
67108864	51	1808.4
67108864	52	1918.7
67108864	53	1943.7
67108864	54	1991.9
67108864	55	2036.2
67108864	56	2294.9
67108864	57	2182.8
67108864	58	2184.5
67108864	59	2266.9
67108864	60	2418.2
67108864	61	2343.8
67108864	62	2357.7
67108864	63	2358.8
67108864	64	835.8
67108864	65	2543.2
67108864	66	2616.4
67108864	67	2588.7
67108864	68	2808.4
67108864	69	2814.0
67108864	70	2904.0
67108864	71	2900.5
67108864	72	3295.0
67108864	73	2976.1
67108864	74	3022.9
67108864	75	3061.8
67108864	76	3218.4
67108864	77	3064.4
67108864	78	3186.2
67108864	79	3091.4
67108864	80	1202.3
67108864	81	3213.1
67108864	82	3220.6
67108864	83	3181.3
67108864	84	3417.2
67108864	85	3300.5
67108864	86	3339.3
67108864	87	3331.1
67108864	88	3479.4
67108864	89	3353.5
67108864	90	3398.0
67108864	91	3307.8
67108864	92	3397.9
67108864	93	3354.3
67108864	94	3329.3
67108864	95	3367.8
67108864	96	854.9
67108864	97	3384.8
67108864	98	3361.8
67108864	99	3467.8
67108864	100	3391.7
67108864	101	3406.7
67108864	102	3349.7
67108864	103	3391.5
67108864	104	3392.5
67108864	105	3365.3
67108864	106	3371.8
67108864	107	3338.1
67108864	108	3351.9
67108864	109	3331.4
67108864	110	3322.6
67108864	111	3357.4
67108864	112	2007.8
67108864	113	3329.4
67108864	114	3289.4
67108864	115	3252.7
67108864	116	3280.1
67108864	117	3272.8
67108864	118	3218.1
67108864	119	3223.3
67108864	120	3212.4
67108864	121	3224.3
67108864	122	3196.1
67108864	123	3154.3
67108864	124	3163.4
67108864	125	3158.1
67108864	126	3141.5
67108864	127	3125.8
33554432	1	7184.3
33554432	2	5122.9
33554432	3	3568.4
33554432	4	2742.9
33554432	5	2239.7
33554432	6	1894.8
33554432	7	1639.7
33554432	8	1433.4
33554432	9	1301.8
33554432	10	1183.3
33554432	11	1092.5
33554432	12	1025.7
33554432	13	979.9
33554432	14	957.9
33554432	15	898.1
33554432	16	766.0
33554432	17	873.2
33554432	18	868.4
33554432	19	871.5
33554432	20	867.1
33554432	21	870.8
33554432	22	877.7
33554432	23	882.4
33554432	24	897.2
33554432	25	917.5
33554432	26	928.9
33554432	27	951.0
33554432	28	978.7
33554432	29	995.2
33554432	30	1020.9
33554432	31	1055.7
33554432	32	710.2
33554432	33	1109.9
33554432	34	1137.0
33554432	35	1171.0
33554432	36	1232.1
33554432	37	1309.8
33554432	38	1379.3
33554432	39	1531.3
33554432	40	1635.0
33554432	41	2051.2
33554432	42	2163.7
33554432	43	2224.0
33554432	44	2553.4
33554432	45	3281.5
33554432	46	3538.5
33554432	47	3611.1
33554432	48	1612.6
33554432	49	3709.9
33554432	50	3780.4
33554432	51	3706.4
33554432	52	3768.9
33554432	53	3681.6
33554432	54	3727.7
33554432	55	3717.1
33554432	56	3753.8
33554432	57	3757.0
33554432	58	3732.7
33554432	59	3734.7
33554432	60	3735.2
33554432	61	3716.4
33554432	62	3730.5
33554432	63	3743.8
33554432	64	834.0
33554432	65	3703.4
33554432	66	3741.6
33554432	67	3737.8
33554432	68	3721.5
33554432	69	3719.2
33554432	70	3709.6
33554432	71	3708.8
33554432	72	3719.7
33554432	73	3717.5
33554432	74	3696.4
33554432	75	3692.0
33554432	76	3698.0
33554432	77	3694.0
33554432	78	3683.8
33554432	79	3662.4
33554432	80	3420.3
33554432	81	3661.6
33554432	82	3641.8
33554432	83	3641.1
33554432	84	3642.5
33554432	85	3624.9
33554432	86	3617.4
33554432	87	3582.8
33554432	88	3604.2
33554432	89	3593.9
33554432	90	3594.5
33554432	91	3580.2
33554432	92	3578.5
33554432	93	3558.4
33554432	94	3557.8
33554432	95	3545.1
33554432	96	1590.9
33554432	97	3513.7
33554432	98	3514.9
33554432	99	3499.0
33554432	100	3487.5
33554432	101	3491.7
33554432	102	3471.4
33554432	103	3452.4
33554432	104	3444.8
33554432	105	3426.2
33554432	106	3440.6
33554432	107	3404.4
33554432	108	3406.0
33554432	109	3391.1
33554432	110	3373.2
33554432	111	3358.1
33554432	112	3522.1
33554432	113	3326.3
33554432	114	3333.0
33554432	115	3304.0
33554432	116	3284.6
33554432	117	3273.7
33554432	118	3252.1
33554432	119	3239.8
33554432	120	3240.4
33554432	121	3220.0
33554432	122	3215.2
33554432	123	3196.6
33554432	124	3170.2
33554432	125	3170.2
33554432	126	3142.1
33554432	127	3124.2
16777216	1	7355.9
16777216	2	5613.8
16777216	3	4095.7
16777216	4	3187.5
16777216	5	2625.0
16777216	6	2231.4
16777216	7	1936.9
16777216	8	1713.7
16777216	9	1566.5
16777216	10	1451.1
16777216	11	1361.2
16777216	12	1302.0
16777216	13	1270.1
16777216	14	1265.2
16777216	15	1290.9
16777216	16	976.0
16777216	17	1396.3
16777216	18	1481.0
16777216	19	1540.3
16777216	20	1569.3
16777216	21	1638.3
16777216	22	1712.5
16777216	23	1766.2
16777216	24	1812.7
16777216	25	1990.5
16777216	26	2125.8
16777216	27	2213.5
16777216	28	2326.7
16777216	29	2465.0
16777216	30	2561.4
16777216	31	2599.3
16777216	32	889.4
16777216	33	2800.3
16777216	34	2931.8
16777216	35	2862.9
16777216	36	3029.3
16777216	37	3066.0
16777216	38	3171.9
16777216	39	3174.5
16777216	40	3189.8
16777216	41	3518.5
16777216	42	3582.9
16777216	43	3670.2
16777216	44	3744.1
16777216	45	3767.9
16777216	46	3817.3
16777216	47	3822.9
16777216	48	3750.0
16777216	49	3815.6
16777216	50	3820.0
16777216	51	3798.1
16777216	52	3796.6
16777216	53	3778.9
16777216	54	3779.8
16777216	55	3759.1
16777216	56	3769.2
16777216	57	3757.6
16777216	58	3748.1
16777216	59	3756.5
16777216	60	3779.0
16777216	61	3757.4
16777216	62	3744.7
16777216	63	3750.6
16777216	64	1002.2
16777216	65	3748.9
16777216	66	3737.1
16777216	67	3735.2
16777216	68	3724.5
16777216	69	3747.8
16777216	70	3734.9
16777216	71	3721.7
16777216	72	3706.4
16777216	73	3716.5
16777216	74	3708.0
16777216	75	3704.7
16777216	76	3679.6
16777216	77	3697.7
16777216	78	3676.5
16777216	79	3657.0
16777216	80	3745.6
16777216	81	3680.5
16777216	82	3659.6
16777216	83	3661.1
16777216	84	3637.0
16777216	85	3630.1
16777216	86	3631.6
16777216	87	3630.4
16777216	88	3604.8
16777216	89	3590.2
16777216	90	3582.7
16777216	91	3595.6
16777216	92	3607.2
16777216	93	3543.2
16777216	94	3566.6
16777216	95	3541.5
16777216	96	3545.0
16777216	97	3537.0
16777216	98	3502.8
16777216	99	3500.7
16777216	100	3500.2
16777216	101	3492.3
16777216	102	3472.1
16777216	103	3448.3
16777216	104	3476.3
16777216	105	3459.4
16777216	106	3430.1
16777216	107	3416.6
16777216	108	3403.2
16777216	109	3398.5
16777216	110	3374.0
16777216	111	3377.7
16777216	112	3510.8
16777216	113	3323.2
16777216	114	3329.4
16777216	115	3303.1
16777216	116	3294.0
16777216	117	3274.3
16777216	118	3275.6
16777216	119	3242.4
16777216	120	3221.8
16777216	121	3225.8
16777216	122	3204.9
16777216	123	3178.9
16777216	124	3221.0
16777216	125	3151.6
16777216	126	3150.9
16777216	127	3142.1
8388608	1	7972.3
8388608	2	7252.1
8388608	3	5879.2
8388608	4	4817.4
8388608	5	4263.2
8388608	6	3641.3
8388608	7	3165.1
8388608	8	2800.4
8388608	9	2697.4
8388608	10	2611.1
8388608	11	2575.1
8388608	12	2554.0
8388608	13	2566.6
8388608	14	2662.3
8388608	15	2830.5
8388608	16	1971.8
8388608	17	3003.6
8388608	18	3036.1
8388608	19	3099.2
8388608	20	3183.7
8388608	21	3254.7
8388608	22	3279.6
8388608	23	3332.4
8388608	24	3434.5
8388608	25	3413.0
8388608	26	3435.2
8388608	27	3468.3
8388608	28	3434.0
8388608	29	3434.2
8388608	30	3470.9
8388608	31	3504.0
8388608	32	1862.9
8388608	33	3515.7
8388608	34	3539.8
8388608	35	3478.5
8388608	36	3503.6
8388608	37	3496.9
8388608	38	3499.9
8388608	39	3522.4
8388608	40	3570.6
8388608	41	3719.1
8388608	42	3745.6
8388608	43	3774.6
8388608	44	3784.7
8388608	45	3822.0
8388608	46	3825.7
8388608	47	3832.4
8388608	48	3881.0
8388608	49	3837.4
8388608	50	3821.7
8388608	51	3811.0
8388608	52	3778.1
8388608	53	3781.7
8388608	54	3796.3
8388608	55	3768.2
8388608	56	3762.0
8388608	57	3754.3
8388608	58	3748.9
8388608	59	3763.2
8388608	60	3741.8
8388608	61	3749.4
8388608	62	3749.0
8388608	63	3727.3
8388608	64	1890.1
8388608	65	3737.6
8388608	66	3740.1
8388608	67	3753.6
8388608	68	3739.2
8388608	69	3735.2
8388608	70	3713.1
8388608	71	3719.6
8388608	72	3733.3
8388608	73	3719.4
8388608	74	3711.0
8388608	75	3690.4
8388608	76	3669.7
8388608	77	3691.2
8388608	78	3704.6
8388608	79	3684.4
8388608	80	3733.7
8388608	81	3640.3
8388608	82	3651.7
8388608	83	3642.0
8388608	84	3634.3
8388608	85	3640.5
8388608	86	3622.4
8388608	87	3612.3
8388608	88	3628.2
8388608	89	3618.5
8388608	90	3617.7
8388608	91	3585.5
8388608	92	3584.9
8388608	93	3556.1
8388608	94	3572.9
8388608	95	3537.6
8388608	96	3702.1
8388608	97	3513.6
8388608	98	3542.2
8388608	99	3549.4
8388608	100	3504.9
8388608	101	3508.9
8388608	102	3493.7
8388608	103	3509.9
8388608	104	3469.7
8388608	105	3478.1
8388608	106	3425.0
8388608	107	3416.8
8388608	108	3445.3
8388608	109	3387.1
8388608	110	3399.4
8388608	111	3390.3
8388608	112	3518.6
8388608	113	3376.7
8388608	114	3361.2
8388608	115	3398.8
8388608	116	3327.7
8388608	117	3362.6
8388608	118	3264.4
8388608	119	3295.8
8388608	120	3308.0
8388608	121	3245.9
8388608	122	3245.2
8388608	123	3229.2
8388608	124	3239.0
8388608	125	3221.7
8388608	126	3213.9
8388608	127	3280.4
4194304	1	8297.4
4194304	2	8138.5
4194304	3	7231.8
4194304	4	6067.6
4194304	5	5711.1
4194304	6	4900.3
4194304	7	4242.1
4194304	8	3759.1
4194304	9	3677.4
4194304	10	3631.0
4194304	11	3597.1
4194304	12	3576.8
4194304	13	3554.3
4194304	14	3554.9
4194304	15	3609.7
4194304	16	3323.8
4194304	17	3616.0
4194304	18	3603.2
4194304	19	3608.4
4194304	20	3585.3
4194304	21	3595.7
4194304	22	3600.4
4194304	23	3624.8
4194304	24	3608.6
4194304	25	3638.2
4194304	26	3618.2
4194304	27	3610.2
4194304	28	3615.1
4194304	29	3623.0
4194304	30	3614.1
4194304	31	3616.9
4194304	32	3231.9
4194304	33	3608.6
4194304	34	3599.8
4194304	35	3600.1
4194304	36	3617.3
4194304	37	3586.9
4194304	38	3583.8
4194304	39	3619.0
4194304	40	3676.3
4194304	41	3834.7
4194304	42	3833.9
4194304	43	3881.5
4194304	44	3894.7
4194304	45	3938.5
4194304	46	3944.0
4194304	47	3925.3
4194304	48	3920.2
4194304	49	3954.2
4194304	50	3952.8
4194304	51	3924.3
4194304	52	3932.9
4194304	53	3950.1
4194304	54	3936.3
4194304	55	3913.9
4194304	56	3948.3
4194304	57	3946.7
4194304	58	3913.8
4194304	59	3916.2
4194304	60	3917.0
4194304	61	3912.2
4194304	62	3964.6
4194304	63	3966.4
4194304	64	3334.9
4194304	65	3879.0
4194304	66	3918.2
4194304	67	3900.8
4194304	68	3897.4
4194304	69	3929.2
4194304	70	3924.5
4194304	71	3914.7
4194304	72	3940.6
4194304	73	3883.5
4194304	74	3944.4
4194304	75	3879.3
4194304	76	3897.7
4194304	77	3857.9
4194304	78	3862.5
4194304	79	3851.9
4194304	80	3797.5
4194304	81	3873.0
4194304	82	3816.0
4194304	83	3867.0
4194304	84	3834.8
4194304	85	3824.4
4194304	86	3868.1
4194304	87	3870.2
4194304	88	3871.2
4194304	89	3809.5
4194304	90	3801.2
4194304	91	3779.3
4194304	92	3799.4
4194304	93	3752.9
4194304	94	3784.6
4194304	95	3764.0
4194304	96	3704.1
4194304	97	3726.0
4194304	98	3722.8
4194304	99	3730.0
4194304	100	3689.0
4194304	101	3744.3
4194304	102	3686.6
4194304	103	3684.2
4194304	104	3649.0
4194304	105	3628.4
4194304	106	3650.4
4194304	107	3663.2
4194304	108	3583.6
4194304	109	3675.2
4194304	110	3524.7
4194304	111	3586.6
4194304	112	3630.9
4194304	113	3532.8
4194304	114	3529.7
4194304	115	3459.1
4194304	116	3485.6
4194304	117	3500.8
4194304	118	3463.1
4194304	119	3431.9
4194304	120	3466.4
4194304	121	3380.8
4194304	122	3382.2
4194304	123	3395.6
4194304	124	3330.1
4194304	125	3366.5
4194304	126	3273.1
4194304	127	3272.6
2097152	1	8474.8
2097152	2	8371.4
2097152	3	7613.7
2097152	4	6550.5
2097152	5	6179.2
2097152	6	5213.6
2097152	7	4503.7
2097152	8	3992.9
2097152	9	3925.8
2097152	10	3889.3
2097152	11	3875.5
2097152	12	3843.4
2097152	13	3840.8
2097152	14	3835.6
2097152	15	3832.1
2097152	16	3834.3
2097152	17	3821.8
2097152	18	3805.4
2097152	19	3816.1
2097152	20	3803.3
2097152	21	3802.8
2097152	22	3809.8
2097152	23	3814.8
2097152	24	3825.7
2097152	25	3817.2
2097152	26	3818.3
2097152	27	3852.8
2097152	28	3853.4
2097152	29	3849.2
2097152	30	3869.8
2097152	31	3873.4
2097152	32	3798.2
2097152	33	3877.4
2097152	34	3892.6
2097152	35	3906.9
2097152	36	3901.2
2097152	37	3972.0
2097152	38	4038.6
2097152	39	4113.9
2097152	40	4118.2
2097152	41	4284.6
2097152	42	4311.8
2097152	43	4351.5
2097152	44	4331.1
2097152	45	4431.6
2097152	46	4444.2
2097152	47	4429.9
2097152	48	4237.3
2097152	49	4435.5
2097152	50	4451.3
2097152	51	4449.2
2097152	52	4487.7
2097152	53	4475.2
2097152	54	4427.4
2097152	55	4431.6
2097152	56	4471.3
2097152	57	4479.6
2097152	58	4474.3
2097152	59	4494.6
2097152	60	4500.4
2097152	61	4449.4
2097152	62	4529.4
2097152	63	4461.4
2097152	64	4205.2
2097152	65	4498.8
2097152	66	4534.0
2097152	67	4506.3
2097152	68	4487.2
2097152	69	4545.8
2097152	70	4610.5
2097152	71	4578.1
2097152	72	4561.6
2097152	73	4598.2
2097152	74	4621.7
2097152	75	4596.4
2097152	76	4658.5
2097152	77	4657.0
2097152	78	4680.7
2097152	79	4752.1
2097152	80	4411.9
2097152	81	4843.3
2097152	82	4741.5
2097152	83	4795.0
2097152	84	4837.6
2097152	85	4753.0
2097152	86	4794.9
2097152	87	4792.5
2097152	88	4860.5
2097152	89	5000.8
2097152	90	4972.4
2097152	91	4911.0
2097152	92	4810.4
2097152	93	4975.2
2097152	94	4961.1
2097152	95	4991.0
2097152	96	4275.6
2097152	97	5107.7
2097152	98	5093.0
2097152	99	5076.6
2097152	100	5116.7
2097152	101	5018.6
2097152	102	5277.8
2097152	103	5240.9
2097152	104	5143.5
2097152	105	5210.2
2097152	106	5279.5
2097152	107	5144.6
2097152	108	5261.7
2097152	109	5231.5
2097152	110	5338.5
2097152	111	5265.0
2097152	112	4507.0
2097152	113	5396.2
2097152	114	5421.9
2097152	115	5276.2
2097152	116	5441.9
2097152	117	5364.3
2097152	118	5382.8
2097152	119	5411.6
2097152	120	5221.8
2097152	121	5533.7
2097152	122	5495.9
2097152	123	5483.4
2097152	124	5480.7
2097152	125	5418.1
2097152	126	5584.3
2097152	127	5388.9
1048576	1	8478.1
1048576	2	8386.0
1048576	3	7617.2
1048576	4	6672.4
1048576	5	6188.2
1048576	6	5229.1
1048576	7	4511.1
1048576	8	3996.7
1048576	9	3936.8
1048576	10	3904.0
1048576	11	3878.2
1048576	12	3858.7
1048576	13	3864.5
1048576	14	3856.4
1048576	15	3849.9
1048576	16	3858.5
1048576	17	3850.8
1048576	18	3879.4
1048576	19	3859.9
1048576	20	3858.5
1048576	21	3841.2
1048576	22	3857.8
1048576	23	3870.1
1048576	24	3883.3
1048576	25	3876.1
1048576	26	3889.0
1048576	27	3952.2
1048576	28	3933.1
1048576	29	3975.0
1048576	30	4018.1
1048576	31	4020.0
1048576	32	3820.8
1048576	33	4091.3
1048576	34	4182.6
1048576	35	4102.0
1048576	36	4253.3
1048576	37	4546.1
1048576	38	4804.0
1048576	39	5048.9
1048576	40	4992.2
1048576	41	5072.8
1048576	42	5201.3
1048576	43	5318.3
1048576	44	5363.3
1048576	45	5430.4
1048576	46	5585.1
1048576	47	5470.6
1048576	48	4455.4
1048576	49	5745.0
1048576	50	5729.2
1048576	51	5767.6
1048576	52	5644.6
1048576	53	5883.1
1048576	54	5714.1
1048576	55	5885.5
1048576	56	6123.3
1048576	57	5837.7
1048576	58	5901.7
1048576	59	5797.8
1048576	60	6033.1
1048576	61	5883.8
1048576	62	6072.5
1048576	63	6062.8
1048576	64	4204.6
1048576	65	6142.7
1048576	66	6015.3
1048576	67	6078.9
1048576	68	6143.3
1048576	69	6002.7
1048576	70	6055.7
1048576	71	6121.9
1048576	72	6039.6
1048576	73	6171.5
1048576	74	6130.2
1048576	75	6216.4
1048576	76	6293.9
1048576	77	6166.5
1048576	78	6251.9
1048576	79	6257.2
1048576	80	5061.5
1048576	81	6274.1
1048576	82	6181.4
1048576	83	6132.5
1048576	84	6228.5
1048576	85	6345.6
1048576	86	6196.2
1048576	87	6213.2
1048576	88	6163.1
1048576	89	6271.5
1048576	90	6219.5
1048576	91	6179.5
1048576	92	6198.2
1048576	93	6167.9
1048576	94	6070.1
1048576	95	6080.5
1048576	96	4479.7
1048576	97	6059.5
1048576	98	6029.9
1048576	99	6071.9
1048576	100	6093.7
1048576	101	6086.5
1048576	102	6143.3
1048576	103	6276.9
1048576	104	6135.3
1048576	105	6186.0
1048576	106	6111.5
1048576	107	6131.3
1048576	108	6062.8
1048576	109	6180.7
1048576	110	6133.3
1048576	111	6116.0
1048576	112	5941.8
1048576	113	6079.7
1048576	114	5992.9
1048576	115	5982.7
1048576	116	6024.2
1048576	117	5968.6
1048576	118	5973.6
1048576	119	6027.6
1048576	120	6013.0
1048576	121	6047.7
1048576	122	6025.2
1048576	123	6040.5
1048576	124	5950.9
1048576	125	5943.5
1048576	126	5969.4
1048576	127	5872.3
524288	1	8477.4
524288	2	8391.1
524288	3	7621.3
524288	4	6629.1
524288	5	6270.7
524288	6	5316.1
524288	7	4600.2
524288	8	4020.4
524288	9	3963.6
524288	10	3984.5
524288	11	3984.2
524288	12	3968.2
524288	13	4031.9
524288	14	4114.1
524288	15	4230.7
524288	16	3911.9
524288	17	4330.2
524288	18	4323.8
524288	19	4465.0
524288	20	4526.5
524288	21	4623.1
524288	22	4667.2
524288	23	4749.0
524288	24	4908.1
524288	25	5046.6
524288	26	5222.2
524288	27	5348.9
524288	28	5525.6
524288	29	6120.6
524288	30	5559.0
524288	31	5996.2
524288	32	3808.9
524288	33	6084.6
524288	34	6217.8
524288	35	6251.2
524288	36	6205.5
524288	37	6285.0
524288	38	6290.8
524288	39	6223.9
524288	40	6219.9
524288	41	6249.6
524288	42	6279.0
524288	43	6271.5
524288	44	6242.9
524288	45	6212.4
524288	46	6238.3
524288	47	6283.1
524288	48	5926.0
524288	49	6276.9
524288	50	6261.8
524288	51	6235.4
524288	52	6295.7
524288	53	6256.8
524288	54	6221.4
524288	55	6298.7
524288	56	6284.5
524288	57	6269.3
524288	58	6247.8
524288	59	6230.0
524288	60	6253.3
524288	61	6261.0
524288	62	6268.3
524288	63	6218.5
524288	64	4165.6
524288	65	6273.2
524288	66	6262.0
524288	67	6216.3
524288	68	6177.7
524288	69	6249.3
524288	70	6242.3
524288	71	6249.9
524288	72	6168.4
524288	73	6504.7
524288	74	6281.5
524288	75	6221.9
524288	76	6308.9
524288	77	6332.3
524288	78	6251.4
524288	79	6222.1
524288	80	6264.1
524288	81	6212.2
524288	82	6245.8
524288	83	6229.4
524288	84	6302.3
524288	85	6310.7
524288	86	6299.4
524288	87	6275.8
524288	88	6324.2
524288	89	6872.1
524288	90	6233.8
524288	91	6208.1
524288	92	6176.0
524288	93	6970.0
524288	94	6188.9
524288	95	6204.8
524288	96	5939.9
524288	97	6055.8
524288	98	6209.8
524288	99	6131.8
524288	100	6185.8
524288	101	6195.1
524288	102	7110.9
524288	103	7268.5
524288	104	6103.3
524288	105	7185.1
524288	106	7009.2
524288	107	6172.2
524288	108	6705.3
524288	109	6405.5
524288	110	7054.7
524288	111	6282.0
524288	112	6164.5
524288	113	6845.0
524288	114	7660.0
524288	115	6935.8
524288	116	6841.4
524288	117	7627.2
524288	118	7970.5
524288	119	7979.2
524288	120	7689.6
524288	121	8148.2
524288	122	7953.8
524288	123	8267.0
524288	124	8287.4
524288	125	8325.9
524288	126	8295.8
524288	127	8283.2
262144	1	8507.2
262144	2	8486.5
262144	3	8130.8
262144	4	7567.6
262144	5	7520.2
262144	6	7297.8
262144	7	6560.2
262144	8	5896.6
262144	9	5993.1
262144	10	6001.2
262144	11	6032.6
262144	12	6096.8
262144	13	6079.6
262144	14	6065.8
262144	15	6161.0
262144	16	5896.6
262144	17	6153.8
262144	18	6110.4
262144	19	6169.9
262144	20	6239.0
262144	21	6175.6
262144	22	6169.9
262144	23	6162.2
262144	24	6227.2
262144	25	6178.6
262144	26	6175.6
262144	27	6268.8
262144	28	6248.4
262144	29	6261.8
262144	30	6205.6
262144	31	6253.4
262144	32	5817.9
262144	33	6283.3
262144	34	6280.4
262144	35	6203.5
262144	36	6202.2
262144	37	6269.6
262144	38	6284.2
262144	39	6308.1
262144	40	6270.5
262144	41	6540.9
262144	42	6208.1
262144	43	6285.4
262144	44	6360.5
262144	45	6262.6
262144	46	6256.1
262144	47	6418.4
262144	48	6308.3
262144	49	6336.2
262144	50	6257.2
262144	51	7079.4
262144	52	6274.7
262144	53	7391.7
262144	54	7312.9
262144	55	6837.3
262144	56	6199.6
262144	57	7914.9
262144	58	7216.9
262144	59	7864.4
262144	60	7960.5
262144	61	8300.3
262144	62	8340.1
262144	63	8331.5
262144	64	5267.4
262144	65	8323.8
262144	66	8308.4
262144	67	8315.8
262144	68	8327.7
262144	69	8322.6
262144	70	8299.7
262144	71	8303.1
262144	72	8286.2
262144	73	8296.4
262144	74	8286.0
262144	75	8301.2
262144	76	8297.7
262144	77	8296.7
262144	78	8276.1
262144	79	8282.2
262144	80	6381.1
262144	81	8277.2
262144	82	8288.8
262144	83	8282.5
262144	84	8252.6
262144	85	8274.9
262144	86	8249.6
262144	87	8275.2
262144	88	8252.1
262144	89	8234.1
262144	90	8240.9
262144	91	8250.6
262144	92	8237.8
262144	93	8224.8
262144	94	8240.6
262144	95	8259.8
262144	96	6199.5
262144	97	8221.3
262144	98	8216.7
262144	99	8242.5
262144	100	8216.5
262144	101	8218.0
262144	102	8222.8
262144	103	8227.6
262144	104	8232.5
262144	105	8211.7
262144	106	8194.0
262144	107	8202.0
262144	108	8187.2
262144	109	8198.8
262144	110	8217.5
262144	111	8171.9
262144	112	6389.1
262144	113	8209.6
262144	114	8201.2
262144	115	8192.6
262144	116	8152.2
262144	117	8178.7
262144	118	8141.3
262144	119	8168.1
262144	120	8133.7
262144	121	8197.9
262144	122	8162.9
262144	123	8165.0
262144	124	8167.0
262144	125	8135.1
262144	126	8137.0
262144	127	8142.8
131072	1	8507.2
131072	2	8499.5
131072	3	8492.3
131072	4	8472.4
131072	5	8442.3
131072	6	7707.1
131072	7	6871.6
131072	8	6193.5
131072	9	6205.5
131072	10	6172.7
131072	11	6204.5
131072	12	6219.6
131072	13	6233.0
131072	14	6257.4
131072	15	6177.4
131072	16	6175.9
131072	17	6231.3
131072	18	6253.7
131072	19	6217.3
131072	20	6238.5
131072	21	6309.2
131072	22	6203.9
131072	23	6308.2
131072	24	6208.2
131072	25	6874.1
131072	26	6359.7
131072	27	7557.5
131072	28	6208.4
131072	29	7059.5
131072	30	7763.0
131072	31	8322.4
131072	32	6251.8
131072	33	8308.4
131072	34	8308.4
131072	35	8299.7
131072	36	7564.9
131072	37	8306.8
131072	38	8297.7
131072	39	7556.4
131072	40	8288.4
131072	41	7552.4
131072	42	8252.6
131072	43	8249.6
131072	44	8252.1
131072	45	7510.4
131072	46	8187.0
131072	47	7524.0
131072	48	6214.6
131072	49	8162.8
131072	50	7508.6
131072	51	8194.6
131072	52	8203.7
131072	53	7475.7
131072	54	8128.3
131072	55	7420.4
131072	56	7435.8
131072	57	8201.2
131072	58	7458.4
131072	59	8173.4
131072	60	8133.7
131072	61	7434.6
131072	62	8167.0
131072	63	8137.0
131072	64	6053.4
131072	65	7389.8
131072	66	8035.4
131072	67	8094.0
131072	68	7413.8
131072	69	7367.0
131072	70	7354.2
131072	71	7408.3
131072	72	7335.6
131072	73	8073.7
131072	74	7965.7
131072	75	8092.3
131072	76	7363.1
131072	77	7336.4
131072	78	8021.4
131072	79	8044.9
131072	80	7943.1
131072	81	7312.9
131072	82	7293.3
131072	83	7350.7
131072	84	7335.6
131072	85	8020.6
131072	86	7352.0
131072	87	7303.0
131072	88	7296.6
131072	89	7251.4
131072	90	7249.3
131072	91	7286.5
131072	92	7205.6
131072	93	7999.2
131072	94	7250.8
131072	95	7925.5
131072	96	6229.9
131072	97	7313.1
131072	98	7928.8
131072	99	7947.0
131072	100	7920.0
131072	101	7892.7
131072	102	7976.1
131072	103	7843.1
131072	104	7926.6
131072	105	7217.2
131072	106	7882.1
131072	107	7212.8
131072	108	7193.5
131072	109	7083.1
131072	110	7920.7
131072	111	7473.8
131072	112	7166.7
131072	113	7876.6
131072	114	7866.1
131072	115	7855.4
131072	116	7199.8
131072	117	7840.5
131072	118	7889.1
131072	119	7765.9
131072	120	7820.9
131072	121	7151.3
131072	122	7873.7
131072	123	7082.7
131072	124	7810.5
131072	125	7744.0
131072	126	7746.4
131072	127	7811.8
65536	1	8500.7
65536	2	8486.5
65536	3	8471.0
65536	4	8446.5
65536	5	8358.5
65536	6	7634.4
65536	7	6836.5
65536	8	6136.2
65536	9	6112.8
65536	10	6169.1
65536	11	6155.7
65536	12	6185.5
65536	13	6191.9
65536	14	6164.5
65536	15	7837.8
65536	16	6151.0
65536	17	8232.2
65536	18	8286.2
65536	19	8255.1
65536	20	7549.9
65536	21	7525.7
65536	22	7514.1
65536	23	7514.4
65536	24	7497.9
65536	25	8053.8
65536	26	7472.2
65536	27	8217.0
65536	28	7486.9
65536	29	7432.0
65536	30	7421.3
65536	31	7427.4
65536	32	6072.6
65536	33	7363.2
65536	34	7383.3
65536	35	7385.3
65536	36	7335.6
65536	37	7361.2
65536	38	7329.4
65536	39	7343.6
65536	40	7332.1
65536	41	7329.2
65536	42	7262.3
65536	43	7314.1
65536	44	7220.6
65536	45	7249.3
65536	46	7245.0
65536	47	7291.6
65536	48	7221.0
65536	49	7195.5
65536	50	7260.0
65536	51	7251.0
65536	52	7153.3
65536	53	7192.4
65536	54	7193.5
65536	55	7200.6
65536	56	7166.7
65536	57	7866.1
65536	58	7150.8
65536	59	7127.4
65536	60	7109.9
65536	61	7142.6
65536	62	7131.4
65536	63	7119.9
65536	64	6190.9
65536	65	7056.4
65536	66	7104.7
65536	67	7058.7
65536	68	7059.9
65536	69	7068.6
65536	70	7028.0
65536	71	6986.7
65536	72	6944.8
65536	73	7077.6
65536	74	7042.6
65536	75	6947.1
65536	76	7040.1
65536	77	6950.3
65536	78	6921.1
65536	79	6953.6
65536	80	6932.2
65536	81	6910.3
65536	82	6952.5
65536	83	6930.2
65536	84	6916.4
65536	85	6902.4
65536	86	6888.0
65536	87	6873.4
65536	88	6858.5
65536	89	6852.6
65536	90	6846.6
65536	91	6840.4
65536	92	6764.4
65536	93	6757.4
65536	94	6690.2
65536	95	6824.5
65536	96	6755.1
65536	97	6831.1
65536	98	6760.3
65536	99	6763.0
65536	100	6776.0
65536	101	6703.6
65536	102	6716.2
65536	103	6653.4
65536	104	6820.5
65536	105	6677.9
65536	106	6769.3
65536	107	6625.7
65536	108	6716.9
65536	109	6661.5
65536	110	6755.9
65536	111	6539.6
65536	112	6642.3
65536	113	6655.3
65536	114	6680.3
65536	115	6622.2
65536	116	6647.1
65536	117	6599.9
65536	118	6624.8
65536	119	6650.4
65536	120	6602.1
65536	121	6541.6
65536	122	6578.7
65536	123	6517.4
65536	124	6468.4
65536	125	6592.9
65536	126	6455.3
65536	127	6492.2
32768	1	8488.9
32768	2	8465.3
32768	3	8439.0
32768	4	8409.3
32768	5	8380.8
32768	6	8376.5
32768	7	8349.2
32768	8	8272.5
32768	9	8245.9
32768	10	7531.2
32768	11	7534.5
32768	12	7497.9
32768	13	7496.1
32768	14	7435.8
32768	15	7421.3
32768	16	8045.6
32768	17	7413.8
32768	18	7335.6
32768	19	7329.4
32768	20	7332.1
32768	21	7298.8
32768	22	7296.6
32768	23	7245.0
32768	24	7262.3
32768	25	7217.1
32768	26	7197.1
32768	27	7239.6
32768	28	7214.2
32768	29	7150.8
32768	30	7421.3
32768	31	7131.4
32768	32	7010.3
32768	33	7159.8
32768	34	4002.7
32768	35	4016.0
32768	36	7060.5
32768	37	7559.5
32768	38	7296.1
32768	39	6921.1
32768	40	6932.2
32768	41	6952.5
32768	42	6916.4
32768	43	6888.0
32768	44	6858.5
32768	45	6846.6
32768	46	6764.4
32768	47	6759.9
32768	48	6827.8
32768	49	6834.6
32768	50	6776.0
32768	51	6641.6
32768	52	6820.5
32768	53	6769.3
32768	54	6716.9
32768	55	6595.0
32768	56	6562.3
32768	57	6764.9
32768	58	6647.1
32768	59	6624.8
32768	60	6602.1
32768	61	6493.2
32768	62	6554.7
32768	63	6542.6
32768	64	8079.7
32768	65	7568.6
32768	66	7962.2
32768	67	7716.7
32768	68	7590.5
32768	69	7609.0
32768	70	7922.5
32768	71	7948.5
32768	72	7845.0
32768	73	7583.9
32768	74	7348.7
32768	75	7380.8
32768	76	7571.4
32768	77	7466.0
32768	78	7520.1
32768	79	7709.2
32768	80	7466.7
32768	81	7676.5
32768	82	7739.4
32768	83	7642.4
32768	84	7725.8
32768	85	7626.8
32768	86	7239.5
32768	87	7779.5
32768	88	7529.4
32768	89	7448.5
32768	90	7367.5
32768	91	7448.5
32768	92	7533.1
32768	93	7282.9
32768	94	7714.5
32768	95	7625.8
32768	96	7559.3
32768	97	7131.1
32768	98	7404.1
32768	99	7315.5
32768	100	7249.0
32768	101	7357.6
32768	102	7471.7
32768	103	7591.7
32768	104	6982.9
32768	105	7262.3
32768	106	7192.4
32768	107	7305.2
32768	108	7424.0
32768	109	7758.8
32768	110	7681.2
32768	111	7423.3
32768	112	7154.5
32768	113	7474.3
32768	114	7422.6
32768	115	7345.0
32768	116	7096.2
32768	117	7448.5
32768	118	7164.0
32768	119	7112.3
32768	120	7060.5
32768	121	6982.9
32768	122	7338.9
32768	123	7076.0
32768	124	7022.8
32768	125	7174.6
32768	126	6916.4
32768	127	7506.7
16384	1	7723.8
16384	2	7688.7
16384	3	7623.0
16384	4	7596.8
16384	5	7531.2
16384	6	7497.9
16384	7	7435.8
16384	8	7390.7
16384	9	7335.6
16384	10	7367.5
16384	11	7296.6
16384	12	7262.3
16384	13	7153.3
16384	14	7214.2
16384	15	7109.9
16384	16	7168.5
16384	17	7059.9
16384	18	7060.5
16384	19	7040.1
16384	20	6869.7
16384	21	6916.4
16384	22	6858.5
16384	23	6905.4
16384	24	6827.8
16384	25	6852.2
16384	26	6820.5
16384	27	6716.9
16384	28	6642.3
16384	29	6647.1
16384	30	6602.1
16384	31	6468.4
16384	32	7814.8
16384	33	7962.2
16384	34	7590.5
16384	35	7922.5
16384	36	7702.4
16384	37	7914.0
16384	38	7571.4
16384	39	7520.1
16384	40	7771.5
16384	41	7581.5
16384	42	7893.8
16384	43	8062.1
16384	44	7529.4
16384	45	7367.5
16384	46	7708.3
16384	47	7714.5
16384	48	7559.3
16384	49	7404.1
16384	50	7249.0
16384	51	7471.7
16384	52	7153.3
16384	53	7192.4
16384	54	7424.0
16384	55	7473.6
16384	56	7767.7
16384	57	7422.6
16384	58	7096.2
16384	59	7164.0
16384	60	6869.7
16384	61	7797.6
16384	62	7022.8
16384	63	6916.4
16384	64	6810.0
16384	65	7332.1
16384	66	6997.0
16384	67	7099.3
16384	68	6771.3
16384	69	7118.1
16384	70	7028.0
16384	71	7384.3
16384	72	7287.9
16384	73	7191.6
16384	74	6858.8
16384	75	6765.7
16384	76	7149.2
16384	77	7591.7
16384	78	7241.6
16384	79	6883.2
16384	80	6549.5
16384	81	6716.9
16384	82	6617.2
16384	83	7054.6
16384	84	6982.9
16384	85	6875.5
16384	86	7370.9
16384	87	7001.6
16384	88	6927.1
16384	89	7138.1
16384	90	7060.5
16384	91	6982.9
16384	92	6138.1
16384	93	6302.6
16384	94	6480.2
16384	95	6405.7
16384	96	6595.0
16384	97	6517.4
16384	98	6478.6
16384	99	6982.9
16384	100	6070.5
16384	101	6856.0
16384	102	6207.1
16384	103	6168.3
16384	104	6644.4
16384	105	6602.1
16384	106	6517.4
16384	107	6783.4
16384	108	6390.4
16384	109	6072.1
16384	110	6263.5
16384	111	6221.2
16384	112	7154.5
16384	113	7056.4
16384	114	6657.1
16384	115	6295.7
16384	116	6251.4
16384	117	6207.1
16384	118	6762.4
16384	119	6377.8
16384	120	6664.4
16384	121	6982.9
16384	122	6566.4
16384	123	5896.7
16384	124	6827.8
16384	125	6419.4
16384	126	6724.3
16384	127	7065.1
8192	1	7681.0
8192	2	7596.8
8192	3	7520.1
8192	4	7390.7
8192	5	7332.1
8192	6	7262.3
8192	7	7119.9
8192	8	7115.0
8192	9	7060.5
8192	10	6869.7
8192	11	6858.5
8192	12	6827.8
8192	13	6820.5
8192	14	6642.3
8192	15	6517.4
8192	16	7566.7
8192	17	7590.5
8192	18	7845.0
8192	19	7571.4
8192	20	7771.5
8192	21	7725.8
8192	22	7215.7
8192	23	7365.7
8192	24	7743.7
8192	25	7249.0
8192	26	6982.9
8192	27	7424.0
8192	28	7154.5
8192	29	7293.3
8192	30	7060.5
8192	31	7681.2
8192	32	6810.0
8192	33	6997.0
8192	34	6572.2
8192	35	6808.4
8192	36	7287.9
8192	37	7095.3
8192	38	6672.6
8192	39	7520.1
8192	40	6783.4
8192	41	6862.2
8192	42	6724.3
8192	43	7370.9
8192	44	6927.1
8192	45	7060.5
8192	46	6905.4
8192	47	6480.2
8192	48	6595.0
8192	49	7067.6
8192	50	6323.4
8192	51	6771.3
8192	52	6355.5
8192	53	5974.3
8192	54	6112.6
8192	55	6561.7
8192	56	6796.7
8192	57	6340.1
8192	58	6251.4
8192	59	6424.3
8192	60	6664.4
8192	61	6931.2
8192	62	6827.8
8192	63	6724.3
8192	64	7010.3
8192	65	6517.4
8192	66	7215.7
8192	67	6681.7
8192	68	6207.1
8192	69	6103.6
8192	70	6808.4
8192	71	6692.0
8192	72	6188.8
8192	73	6517.4
8192	74	6827.8
8192	75	6765.7
8192	76	5860.2
8192	77	5805.4
8192	78	6517.4
8192	79	5993.7
8192	80	5586.4
8192	81	6269.1
8192	82	6145.0
8192	83	6082.9
8192	84	5312.5
8192	85	6384.4
8192	86	7370.9
8192	87	4862.2
8192	88	5093.4
8192	89	7787.0
8192	90	7702.4
8192	91	5985.4
8192	92	7533.1
8192	93	7448.5
8192	94	5400.1
8192	95	5338.1
8192	96	5276.0
8192	97	4888.1
8192	98	5151.9
8192	99	5872.8
8192	100	5386.8
8192	101	5801.2
8192	102	5729.6
8192	103	5253.8
8192	104	5187.3
8192	105	6602.1
8192	106	5120.8
8192	107	7076.0
8192	108	4987.8
8192	109	6982.9
8192	110	4921.3
8192	111	6178.8
8192	112	4854.8
8192	113	5156.6
8192	114	5085.0
8192	115	6009.6
8192	116	5431.2
8192	117	5431.2
8192	118	5353.6
8192	119	5276.0
8192	120	5276.0
8192	121	5198.4
8192	122	4798.5
8192	123	5586.4
8192	124	5120.8
8192	125	5501.7
8192	126	4655.3
8192	127	4965.6
4096	1	8166.2
4096	2	7419.5
4096	3	7262.3
4096	4	7168.5
4096	5	6995.8
4096	6	6827.8
4096	7	6562.3
4096	8	7814.8
4096	9	7845.0
4096	10	7616.1
4096	11	7529.4
4096	12	7215.7
4096	13	7153.3
4096	14	7551.9
4096	15	7060.5
4096	16	7010.3
4096	17	7208.2
4096	18	6817.8
4096	19	7149.2
4096	20	7034.7
4096	21	6724.3
4096	22	7215.7
4096	23	6905.4
4096	24	6881.7
4096	25	6898.3
4096	26	6644.4
4096	27	7810.5
4096	28	7154.5
4096	29	5967.2
4096	30	6029.7
4096	31	6827.8
4096	32	6620.9
4096	33	7215.7
4096	34	6572.2
4096	35	6407.9
4096	36	6188.8
4096	37	6827.8
4096	38	6641.6
4096	39	6517.4
4096	40	5586.4
4096	41	5760.9
4096	42	6020.8
4096	43	7370.9
4096	44	7871.7
4096	45	7702.4
4096	46	5918.9
4096	47	5400.1
4096	48	6087.7
4096	49	5519.8
4096	50	5801.2
4096	51	5320.3
4096	52	5187.3
4096	53	6517.4
4096	54	4987.8
4096	55	4921.3
4096	56	4854.8
4096	57	6009.6
4096	58	5924.9
4096	59	5840.3
4096	60	5755.6
4096	61	5671.0
4096	62	5586.4
4096	63	4655.3
4096	64	5417.1
4096	65	4888.1
4096	66	5247.8
4096	67	4732.9
4096	68	5586.4
4096	69	5493.2
4096	70	4500.1
4096	71	4422.5
4096	72	5213.9
4096	73	4739.9
4096	74	5689.8
4096	75	5027.7
4096	76	4486.0
4096	77	4934.6
4096	78	4401.4
4096	79	4316.7
4096	80	4748.4
4096	81	4232.1
4096	82	4562.2
4096	83	4147.4
4096	84	4469.1
4096	85	4062.8
4096	86	4862.2
4096	87	4862.2
4096	88	4758.7
4096	89	4758.7
4096	90	4655.3
4096	91	4655.3
4096	92	4551.8
4096	93	4551.8
4096	94	4003.6
4096	95	4448.4
4096	96	4344.9
4096	97	4344.9
4096	98	4241.5
4096	99	3817.3
4096	100	4138.0
4096	101	4138.0
4096	102	4138.0
4096	103	4538.9
4096	104	4538.9
4096	105	4538.9
4096	106	4422.5
4096	107	3931.1
4096	108	3827.7
4096	109	3827.7
4096	110	4306.1
4096	111	4189.8
4096	112	3724.2
4096	113	4189.8
4096	114	3620.8
4096	115	3620.8
4096	116	3620.8
4096	117	4073.4
4096	118	3957.0
4096	119	3957.0
4096	120	3957.0
4096	121	3413.9
4096	122	3840.6
4096	123	3840.6
4096	124	3840.6
4096	125	3724.2
4096	126	3310.4
4096	127	3724.2
2048	1	7596.8
2048	2	7115.0
2048	3	6827.8
2048	4	7814.8
2048	5	7771.5
2048	6	7559.3
2048	7	7154.5
2048	8	7222.8
2048	9	7287.9
2048	10	6783.4
2048	11	7215.7
2048	12	6881.7
2048	13	6960.8
2048	14	6178.8
2048	15	5755.6
2048	16	7010.3
2048	17	6207.1
2048	18	6188.8
2048	19	6641.6
2048	20	5935.5
2048	21	6020.8
2048	22	7215.7
2048	23	6374.2
2048	24	5652.9
2048	25	6284.6
2048	26	5187.3
2048	27	6982.9
2048	28	4854.8
2048	29	5431.2
2048	30	4870.2
2048	31	4726.9
2048	32	4965.6
2048	33	4810.5
2048	34	5078.5
2048	35	4500.1
2048	36	4739.9
2048	37	5689.8
2048	38	5482.9
2048	39	5379.5
2048	40	4748.4
2048	41	4562.2
2048	42	4062.8
2048	43	4376.0
2048	44	4758.7
2048	45	4655.3
2048	46	4551.8
2048	47	4003.6
2048	48	4344.9
2048	49	4241.5
2048	50	4138.0
2048	51	4138.0
2048	52	4538.9
2048	53	4422.5
2048	54	4306.1
2048	55	4306.1
2048	56	3724.2
2048	57	3620.8
2048	58	4073.4
2048	59	3957.0
2048	60	3517.3
2048	61	3413.9
2048	62	3840.6
2048	63	3724.2
2048	64	3724.2
2048	65	3207.0
2048	66	3607.9
2048	67	3103.5
2048	68	3491.5
2048	69	3375.1
2048	70	3375.1
2048	71	3258.7
2048	72	3258.7
2048	73	3258.7
2048	74	2793.2
2048	75	3142.3
2048	76	2689.7
2048	77	3025.9
2048	78	3025.9
2048	79	2909.6
2048	80	2909.6
2048	81	2909.6
2048	82	2793.2
2048	83	2793.2
2048	84	2793.2
2048	85	2793.2
2048	86	3059.2
2048	87	2676.8
2048	88	2676.8
2048	89	2379.4
2048	90	2275.9
2048	91	2926.2
2048	92	2560.4
2048	93	2926.2
2048	94	2444.0
2048	95	2444.0
2048	96	2444.0
2048	97	2793.2
2048	98	2660.2
2048	99	2327.6
2048	100	2660.2
2048	101	2660.2
2048	102	2069.0
2048	103	1263.6
2048	104	1263.6
2048	105	1263.6
2048	106	1263.6
2048	107	2211.3
2048	108	1862.1
2048	109	1117.3
2048	110	1396.6
2048	111	1197.1
2048	112	1289.2
2048	113	1197.1
2048	114	1130.6
2048	115	1130.6
2048	116	1130.6
2048	117	1217.5
2048	118	1319.0
2048	119	1055.2
2048	120	1217.5
2048	121	2128.1
2048	122	1655.2
2048	123	1862.1
2048	124	1862.1
2048	125	1655.2
2048	126	1241.4
2048	127	1241.4
