268435456	1	745.9
268435456	2	556.5
268435456	3	443.0
268435456	4	369.9
268435456	5	310.4
268435456	6	273.4
268435456	7	243.0
268435456	8	217.2
268435456	9	204.1
268435456	10	187.2
268435456	11	169.9
268435456	12	154.4
268435456	13	142.5
268435456	14	134.2
268435456	15	125.3
268435456	16	117.1
268435456	17	110.0
268435456	18	102.7
268435456	19	95.3
268435456	20	89.8
268435456	21	83.6
268435456	22	78.5
268435456	23	73.9
268435456	24	68.0
268435456	25	64.6
268435456	26	60.5
268435456	27	55.9
268435456	28	53.0
268435456	29	47.8
268435456	30	43.2
268435456	31	40.4
268435456	32	27.0
268435456	33	32.7
268435456	34	32.5
268435456	35	31.2
268435456	36	32.0
268435456	37	30.5
268435456	38	29.2
268435456	39	27.9
268435456	40	26.8
268435456	41	26.9
268435456	42	26.9
268435456	43	27.0
268435456	44	27.1
268435456	45	26.9
268435456	46	26.9
268435456	47	27.0
268435456	48	26.9
268435456	49	26.9
268435456	50	26.9
268435456	51	27.0
268435456	52	27.0
268435456	53	27.1
268435456	54	27.2
268435456	55	27.1
268435456	56	26.8
268435456	57	26.6
268435456	58	26.4
268435456	59	26.5
268435456	60	26.6
268435456	61	26.7
268435456	62	26.8
268435456	63	26.9
268435456	64	26.9
268435456	65	26.8
268435456	66	26.9
268435456	67	26.9
268435456	68	26.7
268435456	69	26.7
268435456	70	26.7
268435456	71	26.8
268435456	72	26.8
268435456	73	26.9
268435456	74	26.9
268435456	75	26.7
268435456	76	26.6
268435456	77	26.5
268435456	78	26.6
268435456	79	26.7
268435456	80	26.7
268435456	81	26.7
268435456	82	26.8
268435456	83	26.8
268435456	84	26.7
268435456	85	26.6
268435456	86	26.5
268435456	87	26.5
268435456	88	26.6
268435456	89	26.7
268435456	90	26.6
268435456	91	26.6
268435456	92	26.5
268435456	93	26.6
268435456	94	26.7
268435456	95	26.6
268435456	96	26.7
268435456	97	26.6
268435456	98	26.6
268435456	99	26.6
268435456	100	26.7
268435456	101	26.6
268435456	102	26.6
268435456	103	26.6
268435456	104	26.6
268435456	105	26.7
268435456	106	26.7
268435456	107	26.8
268435456	108	27.0
268435456	109	27.1
268435456	110	27.1
268435456	111	26.9
268435456	112	26.8
268435456	113	26.6
268435456	114	26.4
268435456	115	26.2
268435456	116	26.2
268435456	117	26.0
268435456	118	25.9
268435456	119	25.8
268435456	120	25.7
268435456	121	25.7
268435456	122	25.7
268435456	123	25.8
268435456	124	25.8
268435456	125	26.0
268435456	126	26.0
268435456	127	26.1
134217728	1	746.3
134217728	2	556.7
134217728	3	443.5
134217728	4	369.9
134217728	5	310.2
134217728	6	273.7
134217728	7	243.1
134217728	8	217.5
134217728	9	204.4
134217728	10	187.0
134217728	11	169.8
134217728	12	154.7
134217728	13	142.8
134217728	14	134.4
134217728	15	125.5
134217728	16	117.0
134217728	17	109.9
134217728	18	102.6
134217728	19	95.2
134217728	20	89.7
134217728	21	83.5
134217728	22	78.8
134217728	23	74.0
134217728	24	68.0
134217728	25	64.8
134217728	26	60.7
134217728	27	55.9
134217728	28	53.1
134217728	29	47.9
134217728	30	43.1
134217728	31	40.4
134217728	32	27.0
134217728	33	32.7
134217728	34	32.6
134217728	35	31.2
134217728	36	32.0
134217728	37	30.5
134217728	38	29.2
134217728	39	27.9
134217728	40	26.8
134217728	41	26.9
134217728	42	26.9
134217728	43	26.9
134217728	44	27.1
134217728	45	26.8
134217728	46	26.9
134217728	47	27.0
134217728	48	26.9
134217728	49	27.0
134217728	50	26.9
134217728	51	26.9
134217728	52	27.0
134217728	53	27.1
134217728	54	27.2
134217728	55	27.2
134217728	56	26.8
134217728	57	26.6
134217728	58	26.5
134217728	59	26.5
134217728	60	26.7
134217728	61	26.7
134217728	62	26.8
134217728	63	26.9
134217728	64	26.9
134217728	65	26.8
134217728	66	26.9
134217728	67	26.8
134217728	68	26.7
134217728	69	26.7
134217728	70	26.8
134217728	71	26.8
134217728	72	26.9
134217728	73	26.9
134217728	74	26.9
134217728	75	26.7
134217728	76	26.5
134217728	77	26.5
134217728	78	26.6
134217728	79	26.7
134217728	80	26.7
134217728	81	26.7
134217728	82	26.7
134217728	83	26.9
134217728	84	26.6
134217728	85	26.7
134217728	86	26.4
134217728	87	26.6
134217728	88	26.7
134217728	89	26.6
134217728	90	26.5
134217728	91	26.6
134217728	92	26.7
134217728	93	26.8
134217728	94	26.7
134217728	95	26.7
134217728	96	26.7
134217728	97	26.7
134217728	98	26.7
134217728	99	26.7
134217728	100	26.7
134217728	101	26.7
134217728	102	26.7
134217728	103	26.7
134217728	104	26.7
134217728	105	26.7
134217728	106	26.8
134217728	107	26.8
134217728	108	27.1
134217728	109	27.2
134217728	110	27.1
134217728	111	26.9
134217728	112	26.7
134217728	113	26.7
134217728	114	26.4
134217728	115	26.2
134217728	116	26.1
134217728	117	26.0
134217728	118	25.9
134217728	119	25.8
134217728	120	25.6
134217728	121	25.6
134217728	122	25.8
134217728	123	25.8
134217728	124	25.8
134217728	125	25.9
134217728	126	26.0
134217728	127	26.1
67108864	1	744.9
67108864	2	558.2
67108864	3	443.5
67108864	4	370.1
67108864	5	311.2
67108864	6	273.4
67108864	7	243.9
67108864	8	218.6
67108864	9	204.9
67108864	10	188.2
67108864	11	170.2
67108864	12	155.2
67108864	13	143.0
67108864	14	135.1
67108864	15	125.9
67108864	16	117.5
67108864	17	110.4
67108864	18	103.3
67108864	19	95.7
67108864	20	90.1
67108864	21	83.9
67108864	22	78.9
67108864	23	74.2
67108864	24	68.1
67108864	25	64.8
67108864	26	60.6
67108864	27	56.3
67108864	28	53.2
67108864	29	48.0
67108864	30	43.3
67108864	31	40.3
67108864	32	27.1
67108864	33	32.6
67108864	34	32.5
67108864	35	31.2
67108864	36	32.0
67108864	37	30.6
67108864	38	29.1
67108864	39	28.0
67108864	40	26.7
67108864	41	27.0
67108864	42	26.9
67108864	43	27.0
67108864	44	27.1
67108864	45	26.8
67108864	46	26.8
67108864	47	26.9
67108864	48	26.9
67108864	49	26.8
67108864	50	26.9
67108864	51	27.0
67108864	52	27.0
67108864	53	27.0
67108864	54	27.2
67108864	55	27.1
67108864	56	26.8
67108864	57	26.7
67108864	58	26.4
67108864	59	26.6
67108864	60	26.7
67108864	61	26.8
67108864	62	26.8
67108864	63	26.8
67108864	64	27.0
67108864	65	26.9
67108864	66	27.0
67108864	67	26.9
67108864	68	26.8
67108864	69	26.7
67108864	70	26.8
67108864	71	26.8
67108864	72	26.9
67108864	73	27.0
67108864	74	27.0
67108864	75	26.8
67108864	76	26.6
67108864	77	26.5
67108864	78	26.7
67108864	79	26.8
67108864	80	26.8
67108864	81	26.8
67108864	82	26.8
67108864	83	26.9
67108864	84	26.8
67108864	85	26.6
67108864	86	26.6
67108864	87	26.6
67108864	88	26.7
67108864	89	26.7
67108864	90	26.8
67108864	91	26.6
67108864	92	26.6
67108864	93	26.8
67108864	94	26.7
67108864	95	26.6
67108864	96	26.7
67108864	97	26.7
67108864	98	26.7
67108864	99	26.7
67108864	100	26.7
67108864	101	26.7
67108864	102	26.6
67108864	103	26.7
67108864	104	26.8
67108864	105	26.8
67108864	106	26.8
67108864	107	26.9
67108864	108	27.1
67108864	109	27.1
67108864	110	27.2
67108864	111	27.0
67108864	112	26.8
67108864	113	26.6
67108864	114	26.5
67108864	115	26.3
67108864	116	26.1
67108864	117	25.9
67108864	118	26.0
67108864	119	25.7
67108864	120	25.7
67108864	121	25.6
67108864	122	25.7
67108864	123	25.8
67108864	124	25.9
67108864	125	26.0
67108864	126	26.0
67108864	127	26.2
33554432	1	744.7
33554432	2	556.8
33554432	3	444.5
33554432	4	370.2
33554432	5	310.5
33554432	6	274.5
33554432	7	243.2
33554432	8	218.3
33554432	9	205.3
33554432	10	188.0
33554432	11	170.4
33554432	12	154.9
33554432	13	142.8
33554432	14	134.9
33554432	15	125.7
33554432	16	117.5
33554432	17	109.9
33554432	18	103.0
33554432	19	95.4
33554432	20	90.1
33554432	21	84.0
33554432	22	78.9
33554432	23	74.3
33554432	24	67.9
33554432	25	64.8
33554432	26	60.7
33554432	27	56.1
33554432	28	53.2
33554432	29	47.8
33554432	30	43.3
33554432	31	40.5
33554432	32	27.0
33554432	33	32.7
33554432	34	32.6
33554432	35	31.2
33554432	36	32.1
33554432	37	30.5
33554432	38	29.2
33554432	39	28.1
33554432	40	26.8
33554432	41	27.0
33554432	42	26.9
33554432	43	27.1
33554432	44	27.2
33554432	45	27.0
33554432	46	27.0
33554432	47	27.1
33554432	48	27.1
33554432	49	27.0
33554432	50	27.0
33554432	51	27.0
33554432	52	26.9
33554432	53	27.2
33554432	54	27.2
33554432	55	27.2
33554432	56	26.8
33554432	57	26.7
33554432	58	26.5
33554432	59	26.6
33554432	60	26.8
33554432	61	26.8
33554432	62	26.9
33554432	63	27.0
33554432	64	27.0
33554432	65	27.0
33554432	66	27.0
33554432	67	26.9
33554432	68	26.8
33554432	69	26.7
33554432	70	26.8
33554432	71	26.9
33554432	72	26.9
33554432	73	27.1
33554432	74	27.0
33554432	75	26.8
33554432	76	26.5
33554432	77	26.7
33554432	78	26.6
33554432	79	26.8
33554432	80	26.8
33554432	81	26.8
33554432	82	26.9
33554432	83	27.0
33554432	84	26.7
33554432	85	26.7
33554432	86	26.5
33554432	87	26.6
33554432	88	26.6
33554432	89	26.8
33554432	90	26.8
33554432	91	26.6
33554432	92	26.7
33554432	93	26.7
33554432	94	26.7
33554432	95	26.7
33554432	96	26.7
33554432	97	26.7
33554432	98	26.8
33554432	99	26.7
33554432	100	26.8
33554432	101	26.7
33554432	102	26.7
33554432	103	26.7
33554432	104	26.7
33554432	105	26.8
33554432	106	26.9
33554432	107	26.9
33554432	108	27.0
33554432	109	27.0
33554432	110	27.2
33554432	111	26.9
33554432	112	26.7
33554432	113	26.7
33554432	114	26.5
33554432	115	26.3
33554432	116	26.2
33554432	117	26.0
33554432	118	26.0
33554432	119	25.8
33554432	120	25.7
33554432	121	25.7
33554432	122	25.8
33554432	123	25.7
33554432	124	25.9
33554432	125	26.0
33554432	126	26.1
33554432	127	26.1
16777216	1	748.3
16777216	2	560.0
16777216	3	444.7
16777216	4	372.2
16777216	5	312.1
16777216	6	274.9
16777216	7	243.3
16777216	8	219.0
16777216	9	204.4
16777216	10	189.6
16777216	11	169.4
16777216	12	154.4
16777216	13	144.6
16777216	14	134.3
16777216	15	125.4
16777216	16	117.0
16777216	17	109.8
16777216	18	103.0
16777216	19	95.6
16777216	20	90.3
16777216	21	83.5
16777216	22	78.6
16777216	23	73.8
16777216	24	68.1
16777216	25	64.9
16777216	26	60.4
16777216	27	56.4
16777216	28	53.1
16777216	29	48.0
16777216	30	43.2
16777216	31	40.6
16777216	32	27.1
16777216	33	32.9
16777216	34	32.6
16777216	35	31.2
16777216	36	32.2
16777216	37	30.6
16777216	38	29.1
16777216	39	28.1
16777216	40	26.9
16777216	41	26.9
16777216	42	27.0
16777216	43	27.0
16777216	44	27.1
16777216	45	27.0
16777216	46	27.0
16777216	47	27.1
16777216	48	27.0
16777216	49	26.9
16777216	50	27.0
16777216	51	26.9
16777216	52	27.0
16777216	53	26.9
16777216	54	27.2
16777216	55	27.2
16777216	56	26.8
16777216	57	26.7
16777216	58	26.6
16777216	59	26.5
16777216	60	26.7
16777216	61	26.9
16777216	62	26.7
16777216	63	26.9
16777216	64	27.0
16777216	65	26.9
16777216	66	26.9
16777216	67	26.9
16777216	68	26.7
16777216	69	26.7
16777216	70	26.7
16777216	71	26.9
16777216	72	27.1
16777216	73	27.0
16777216	74	26.9
16777216	75	26.8
16777216	76	26.8
16777216	77	26.6
16777216	78	26.7
16777216	79	26.7
16777216	80	27.0
16777216	81	26.7
16777216	82	26.9
16777216	83	26.8
16777216	84	26.8
16777216	85	26.5
16777216	86	26.5
16777216	87	26.4
16777216	88	26.6
16777216	89	26.9
16777216	90	26.9
16777216	91	26.8
16777216	92	26.7
16777216	93	26.5
16777216	94	26.8
16777216	95	26.9
16777216	96	26.7
16777216	97	26.8
16777216	98	26.8
16777216	99	26.8
16777216	100	26.8
16777216	101	26.7
16777216	102	26.7
16777216	103	26.6
16777216	104	26.8
16777216	105	26.8
16777216	106	26.5
16777216	107	27.0
16777216	108	26.7
16777216	109	26.9
16777216	110	26.9
16777216	111	26.8
16777216	112	26.8
16777216	113	26.9
16777216	114	26.6
16777216	115	26.5
16777216	116	26.4
16777216	117	26.1
16777216	118	26.3
16777216	119	25.9
16777216	120	25.8
16777216	121	25.8
16777216	122	25.7
16777216	123	25.8
16777216	124	26.2
16777216	125	25.7
16777216	126	25.8
16777216	127	26.4
8388608	1	749.4
8388608	2	553.2
8388608	3	445.8
8388608	4	369.8
8388608	5	309.0
8388608	6	276.6
8388608	7	240.0
8388608	8	220.1
8388608	9	205.2
8388608	10	188.5
8388608	11	171.9
8388608	12	156.9
8388608	13	144.0
8388608	14	135.1
8388608	15	126.6
8388608	16	118.4
8388608	17	111.3
8388608	18	103.1
8388608	19	96.0
8388608	20	88.4
8388608	21	83.5
8388608	22	79.2
8388608	23	73.6
8388608	24	68.3
8388608	25	64.2
8388608	26	60.3
8388608	27	56.2
8388608	28	53.1
8388608	29	48.2
8388608	30	43.6
8388608	31	40.9
8388608	32	27.1
8388608	33	32.9
8388608	34	32.4
8388608	35	31.3
8388608	36	32.2
8388608	37	30.5
8388608	38	29.2
8388608	39	27.9
8388608	40	26.8
8388608	41	26.8
8388608	42	26.8
8388608	43	26.9
8388608	44	27.3
8388608	45	26.8
8388608	46	27.0
8388608	47	27.2
8388608	48	27.2
8388608	49	27.2
8388608	50	26.9
8388608	51	27.3
8388608	52	26.9
8388608	53	27.2
8388608	54	27.1
8388608	55	26.9
8388608	56	26.6
8388608	57	26.8
8388608	58	26.5
8388608	59	26.5
8388608	60	26.3
8388608	61	26.9
8388608	62	26.5
8388608	63	27.1
8388608	64	26.8
8388608	65	27.0
8388608	66	26.6
8388608	67	26.9
8388608	68	26.5
8388608	69	26.9
8388608	70	26.8
8388608	71	26.9
8388608	72	26.9
8388608	73	26.9
8388608	74	27.1
8388608	75	26.9
8388608	76	26.7
8388608	77	26.7
8388608	78	26.7
8388608	79	26.8
8388608	80	26.9
8388608	81	26.8
8388608	82	27.0
8388608	83	27.0
8388608	84	27.1
8388608	85	26.6
8388608	86	26.9
8388608	87	26.8
8388608	88	27.3
8388608	89	26.8
8388608	90	26.7
8388608	91	26.8
8388608	92	27.0
8388608	93	27.0
8388608	94	27.1
8388608	95	27.8
8388608	96	26.8
8388608	97	27.2
8388608	98	27.2
8388608	99	27.2
8388608	100	27.7
8388608	101	27.5
8388608	102	28.2
8388608	103	28.6
8388608	104	29.3
8388608	105	27.9
8388608	106	29.2
8388608	107	28.2
8388608	108	29.2
8388608	109	29.1
8388608	110	28.6
8388608	111	28.7
8388608	112	26.8
8388608	113	27.9
8388608	114	29.8
8388608	115	30.9
8388608	116	30.3
8388608	117	29.9
8388608	118	31.7
8388608	119	34.1
8388608	120	38.2
8388608	121	39.4
8388608	122	40.8
8388608	123	35.2
8388608	124	44.0
8388608	125	43.7
8388608	126	38.0
8388608	127	32.6
4194304	1	743.8
4194304	2	559.2
4194304	3	447.3
4194304	4	369.4
4194304	5	314.0
4194304	6	277.5
4194304	7	243.9
4194304	8	220.0
4194304	9	204.1
4194304	10	187.9
4194304	11	169.5
4194304	12	155.4
4194304	13	142.1
4194304	14	134.3
4194304	15	125.8
4194304	16	117.0
4194304	17	109.8
4194304	18	103.3
4194304	19	95.3
4194304	20	89.5
4194304	21	83.4
4194304	22	78.5
4194304	23	74.0
4194304	24	68.1
4194304	25	65.2
4194304	26	61.3
4194304	27	55.7
4194304	28	52.9
4194304	29	47.7
4194304	30	43.3
4194304	31	40.4
4194304	32	26.9
4194304	33	32.8
4194304	34	32.8
4194304	35	31.4
4194304	36	32.0
4194304	37	30.4
4194304	38	29.2
4194304	39	28.1
4194304	40	26.9
4194304	41	27.0
4194304	42	27.0
4194304	43	27.2
4194304	44	27.1
4194304	45	26.9
4194304	46	27.2
4194304	47	27.2
4194304	48	26.9
4194304	49	27.1
4194304	50	27.4
4194304	51	27.6
4194304	52	27.5
4194304	53	27.7
4194304	54	28.0
4194304	55	28.2
4194304	56	28.6
4194304	57	27.9
4194304	58	28.6
4194304	59	28.8
4194304	60	28.9
4194304	61	29.5
4194304	62	29.1
4194304	63	30.2
4194304	64	27.0
4194304	65	31.5
4194304	66	30.4
4194304	67	30.3
4194304	68	32.5
4194304	69	33.4
4194304	70	33.2
4194304	71	34.2
4194304	72	36.0
4194304	73	36.9
4194304	74	36.0
4194304	75	37.3
4194304	76	39.5
4194304	77	39.3
4194304	78	37.9
4194304	79	37.8
4194304	80	26.9
4194304	81	44.6
4194304	82	47.8
4194304	83	58.0
4194304	84	48.8
4194304	85	43.9
4194304	86	49.5
4194304	87	61.5
4194304	88	64.2
4194304	89	59.0
4194304	90	50.6
4194304	91	54.9
4194304	92	66.3
4194304	93	81.6
4194304	94	61.2
4194304	95	80.3
4194304	96	26.7
4194304	97	76.7
4194304	98	96.9
4194304	99	37.8
4194304	100	91.8
4194304	101	79.9
4194304	102	103.9
4194304	103	87.8
4194304	104	175.4
4194304	105	68.5
4194304	106	90.3
4194304	107	111.8
4194304	108	117.8
4194304	109	116.7
4194304	110	107.6
4194304	111	43.5
4194304	112	33.0
4194304	113	37.2
4194304	114	94.0
4194304	115	124.5
4194304	116	133.5
4194304	117	73.8
4194304	118	130.4
4194304	119	138.9
4194304	120	185.8
4194304	121	182.9
4194304	122	203.3
4194304	123	96.5
4194304	124	214.5
4194304	125	198.6
4194304	126	129.4
4194304	127	50.4
2097152	1	748.8
2097152	2	559.7
2097152	3	440.3
2097152	4	367.2
2097152	5	311.3
2097152	6	272.0
2097152	7	240.7
2097152	8	215.1
2097152	9	200.7
2097152	10	185.8
2097152	11	169.4
2097152	12	151.7
2097152	13	142.2
2097152	14	131.1
2097152	15	123.7
2097152	16	115.2
2097152	17	108.7
2097152	18	101.7
2097152	19	93.5
2097152	20	87.6
2097152	21	81.9
2097152	22	78.0
2097152	23	72.9
2097152	24	68.0
2097152	25	64.2
2097152	26	60.4
2097152	27	56.7
2097152	28	53.9
2097152	29	50.4
2097152	30	43.2
2097152	31	41.8
2097152	32	26.9
2097152	33	33.8
2097152	34	33.4
2097152	35	35.1
2097152	36	38.2
2097152	37	37.6
2097152	38	35.0
2097152	39	33.9
2097152	40	36.0
2097152	41	37.0
2097152	42	36.9
2097152	43	38.0
2097152	44	43.8
2097152	45	43.5
2097152	46	43.2
2097152	47	38.9
2097152	48	28.6
2097152	49	51.6
2097152	50	45.6
2097152	51	45.2
2097152	52	58.1
2097152	53	45.7
2097152	54	54.9
2097152	55	50.1
2097152	56	78.3
2097152	57	59.0
2097152	58	60.7
2097152	59	57.7
2097152	60	65.5
2097152	61	78.9
2097152	62	71.9
2097152	63	80.3
2097152	64	26.4
2097152	65	61.6
2097152	66	105.8
2097152	67	76.2
2097152	68	135.1
2097152	69	161.0
2097152	70	174.4
2097152	71	106.8
2097152	72	108.6
2097152	73	101.7
2097152	74	154.3
2097152	75	144.8
2097152	76	91.2
2097152	77	118.1
2097152	78	109.0
2097152	79	131.1
2097152	80	46.7
2097152	81	142.4
2097152	82	145.6
2097152	83	131.4
2097152	84	254.7
2097152	85	210.1
2097152	86	190.8
2097152	87	241.0
2097152	88	201.3
2097152	89	206.5
2097152	90	191.2
2097152	91	162.4
2097152	92	229.2
2097152	93	153.9
2097152	94	224.7
2097152	95	165.5
2097152	96	31.9
2097152	97	162.2
2097152	98	260.8
2097152	99	259.6
2097152	100	258.4
2097152	101	206.3
2097152	102	238.9
2097152	103	254.9
2097152	104	253.8
2097152	105	254.1
2097152	106	209.9
2097152	107	237.8
2097152	108	255.0
2097152	109	251.4
2097152	110	255.6
2097152	111	190.9
2097152	112	132.3
2097152	113	251.4
2097152	114	241.4
2097152	115	247.2
2097152	116	226.0
2097152	117	249.6
2097152	118	148.5
2097152	119	248.6
2097152	120	215.6
2097152	121	246.7
2097152	122	239.2
2097152	123	230.1
2097152	124	248.5
2097152	125	240.3
2097152	126	249.1
2097152	127	249.3
1048576	1	756.5
1048576	2	561.7
1048576	3	439.5
1048576	4	368.0
1048576	5	316.7
1048576	6	275.7
1048576	7	243.6
1048576	8	219.8
1048576	9	200.2
1048576	10	187.2
1048576	11	168.8
1048576	12	163.7
1048576	13	149.1
1048576	14	139.0
1048576	15	139.1
1048576	16	118.5
1048576	17	115.8
1048576	18	123.4
1048576	19	117.2
1048576	20	116.1
1048576	21	107.2
1048576	22	108.4
1048576	23	88.4
1048576	24	105.5
1048576	25	100.4
1048576	26	88.4
1048576	27	77.1
1048576	28	97.9
1048576	29	92.6
1048576	30	70.7
1048576	31	83.0
1048576	32	27.5
1048576	33	86.8
1048576	34	82.3
1048576	35	107.6
1048576	36	119.6
1048576	37	169.4
1048576	38	73.1
1048576	39	134.1
1048576	40	265.3
1048576	41	114.0
1048576	42	126.0
1048576	43	108.5
1048576	44	161.6
1048576	45	160.9
1048576	46	266.8
1048576	47	239.3
1048576	48	53.5
1048576	49	272.3
1048576	50	126.5
1048576	51	227.4
1048576	52	264.8
1048576	53	119.9
1048576	54	260.1
1048576	55	262.6
1048576	56	246.7
1048576	57	178.2
1048576	58	259.9
1048576	59	259.9
1048576	60	179.7
1048576	61	260.2
1048576	62	257.0
1048576	63	277.5
1048576	64	27.0
1048576	65	250.5
1048576	66	263.0
1048576	67	273.6
1048576	68	272.3
1048576	69	270.9
1048576	70	269.5
1048576	71	268.1
1048576	72	266.8
1048576	73	267.2
1048576	74	267.6
1048576	75	268.1
1048576	76	268.4
1048576	77	268.8
1048576	78	269.2
1048576	79	269.6
1048576	80	255.2
1048576	81	268.7
1048576	82	267.4
1048576	83	266.0
1048576	84	250.4
1048576	85	263.4
1048576	86	262.2
1048576	87	261.0
1048576	88	258.1
1048576	89	260.1
1048576	90	260.4
1048576	91	260.8
1048576	92	261.2
1048576	93	261.4
1048576	94	261.9
1048576	95	262.2
1048576	96	82.9
1048576	97	261.3
1048576	98	260.1
1048576	99	259.0
1048576	100	257.8
1048576	101	256.6
1048576	102	255.3
1048576	103	254.2
1048576	104	253.0
1048576	105	253.3
1048576	106	253.8
1048576	107	254.0
1048576	108	254.3
1048576	109	254.5
1048576	110	254.9
1048576	111	255.2
1048576	112	255.5
1048576	113	254.4
1048576	114	253.5
1048576	115	252.2
1048576	116	251.1
1048576	117	249.9
1048576	118	248.9
1048576	119	247.7
1048576	120	246.7
1048576	121	246.9
1048576	122	247.2
1048576	123	247.5
1048576	124	247.7
1048576	125	248.0
1048576	126	248.2
1048576	127	248.5
524288	1	772.7
524288	2	583.5
524288	3	471.2
524288	4	391.2
524288	5	337.1
524288	6	293.3
524288	7	262.6
524288	8	235.9
524288	9	225.6
524288	10	208.4
524288	11	198.7
524288	12	206.1
524288	13	206.9
524288	14	216.9
524288	15	183.0
524288	16	149.0
524288	17	176.1
524288	18	214.7
524288	19	209.1
524288	20	297.2
524288	21	226.1
524288	22	234.8
524288	23	291.9
524288	24	290.2
524288	25	290.7
524288	26	291.3
524288	27	291.9
524288	28	292.5
524288	29	293.0
524288	30	293.6
524288	31	294.1
524288	32	40.1
524288	33	293.1
524288	34	291.4
524288	35	289.7
524288	36	288.1
524288	37	286.4
524288	38	284.9
524288	39	283.2
524288	40	281.6
524288	41	282.1
524288	42	282.6
524288	43	283.0
524288	44	283.6
524288	45	284.1
524288	46	284.7
524288	47	285.2
524288	48	285.8
524288	49	284.1
524288	50	282.6
524288	51	280.9
524288	52	279.5
524288	53	278.0
524288	54	276.6
524288	55	275.1
524288	56	273.5
524288	57	274.1
524288	58	274.5
524288	59	274.9
524288	60	275.3
524288	61	275.8
524288	62	276.1
524288	63	276.7
524288	64	40.0
524288	65	275.6
524288	66	274.4
524288	67	275.9
524288	68	279.0
524288	69	275.6
524288	70	280.1
524288	71	281.0
524288	72	285.5
524288	73	286.2
524288	74	286.6
524288	75	292.0
524288	76	292.9
524288	77	293.7
524288	78	294.1
524288	79	294.8
524288	80	269.2
524288	81	294.0
524288	82	292.8
524288	83	291.5
524288	84	289.2
524288	85	288.2
524288	86	288.1
524288	87	286.6
524288	88	285.7
524288	89	313.0
524288	90	287.7
524288	91	295.3
524288	92	288.5
524288	93	342.6
524288	94	291.2
524288	95	296.7
524288	96	262.4
524288	97	300.0
524288	98	297.7
524288	99	299.0
524288	100	300.5
524288	101	302.5
524288	102	349.9
524288	103	318.5
524288	104	309.1
524288	105	324.5
524288	106	334.0
524288	107	316.5
524288	108	329.0
524288	109	329.3
524288	110	343.5
524288	111	328.7
524288	112	254.4
524288	113	337.6
524288	114	412.0
524288	115	355.0
524288	116	356.9
524288	117	386.5
524288	118	427.8
524288	119	391.8
524288	120	405.3
524288	121	419.1
524288	122	439.7
524288	123	449.4
524288	124	469.1
524288	125	488.1
524288	126	513.1
524288	127	533.8
262144	1	828.8
262144	2	664.1
262144	3	554.0
262144	4	475.3
262144	5	416.1
262144	6	370.0
262144	7	333.2
262144	8	303.0
262144	9	304.2
262144	10	305.3
262144	11	306.5
262144	12	307.7
262144	13	308.9
262144	14	310.1
262144	15	311.3
262144	16	312.7
262144	17	311.1
262144	18	309.5
262144	19	308.1
262144	20	306.6
262144	21	305.1
262144	22	303.7
262144	23	302.3
262144	24	300.8
262144	25	302.1
262144	26	303.1
262144	27	304.4
262144	28	305.5
262144	29	306.8
262144	30	307.8
262144	31	308.9
262144	32	311.2
262144	33	308.9
262144	34	315.2
262144	35	318.6
262144	36	328.9
262144	37	328.4
262144	38	325.9
262144	39	332.4
262144	40	334.8
262144	41	340.8
262144	42	336.6
262144	43	337.5
262144	44	337.1
262144	45	345.8
262144	46	346.1
262144	47	350.8
262144	48	308.4
262144	49	365.7
262144	50	372.8
262144	51	431.7
262144	52	381.6
262144	53	445.7
262144	54	457.9
262144	55	422.3
262144	56	420.1
262144	57	608.4
262144	58	473.4
262144	59	566.1
262144	60	609.8
262144	61	625.5
262144	62	715.2
262144	63	823.2
262144	64	307.7
262144	65	971.0
262144	66	993.2
262144	67	995.6
262144	68	991.2
262144	69	965.9
262144	70	1010.7
262144	71	986.1
262144	72	988.5
262144	73	960.0
262144	74	1007.5
262144	75	1006.9
262144	76	1004.1
262144	77	1003.5
262144	78	1001.2
262144	79	1001.7
262144	80	337.8
262144	81	998.9
262144	82	997.7
262144	83	974.8
262144	84	994.3
262144	85	966.0
262144	86	992.0
262144	87	992.3
262144	88	990.2
262144	89	959.9
262144	90	987.4
262144	91	962.3
262144	92	985.4
262144	93	924.8
262144	94	984.1
262144	95	983.9
262144	96	303.6
262144	97	981.4
262144	98	979.0
262144	99	979.5
262144	100	977.7
262144	101	976.0
262144	102	942.1
262144	103	973.1
262144	104	971.6
262144	105	905.4
262144	106	969.8
262144	107	968.7
262144	108	968.3
262144	109	967.5
262144	110	967.6
262144	111	964.3
262144	112	418.9
262144	113	964.3
262144	114	961.8
262144	115	962.2
262144	116	959.7
262144	117	928.7
262144	118	958.3
262144	119	956.1
262144	120	954.3
262144	121	955.5
262144	122	953.7
262144	123	952.3
262144	124	950.8
262144	125	949.4
262144	126	947.9
262144	127	946.9
131072	1	829.2
131072	2	664.6
131072	3	554.5
131072	4	475.8
131072	5	416.6
131072	6	370.5
131072	7	333.5
131072	8	303.4
131072	9	304.5
131072	10	305.7
131072	11	307.0
131072	12	308.2
131072	13	309.5
131072	14	310.7
131072	15	312.0
131072	16	313.8
131072	17	322.4
131072	18	335.2
131072	19	330.4
131072	20	342.4
131072	21	342.8
131072	22	339.7
131072	23	352.0
131072	24	349.5
131072	25	394.9
131072	26	387.7
131072	27	515.7
131072	28	432.9
131072	29	477.7
131072	30	657.2
131072	31	745.9
131072	32	313.9
131072	33	1062.4
131072	34	1040.7
131072	35	1035.8
131072	36	1063.4
131072	37	1088.1
131072	38	1055.7
131072	39	1054.3
131072	40	1086.4
131072	41	1086.0
131072	42	1084.2
131072	43	1083.8
131072	44	1084.1
131072	45	1083.0
131072	46	1083.0
131072	47	1083.7
131072	48	358.2
131072	49	1082.1
131072	50	1083.0
131072	51	1048.9
131072	52	1080.1
131072	53	1080.1
131072	54	1080.6
131072	55	1082.0
131072	56	1080.3
131072	57	1035.3
131072	58	1079.0
131072	59	1079.6
131072	60	1076.8
131072	61	1078.4
131072	62	1077.0
131072	63	1075.6
131072	64	312.9
131072	65	1074.8
131072	66	1074.9
131072	67	1076.1
131072	68	1077.4
131072	69	1074.8
131072	70	1072.7
131072	71	1075.7
131072	72	1074.2
131072	73	1017.5
131072	74	1072.9
131072	75	1072.5
131072	76	1072.7
131072	77	1073.6
131072	78	1069.5
131072	79	1071.0
131072	80	1072.5
131072	81	1069.6
131072	82	1071.8
131072	83	1069.5
131072	84	1067.1
131072	85	1070.7
131072	86	1069.0
131072	87	1067.2
131072	88	1066.2
131072	89	1011.3
131072	90	1064.7
131072	91	1064.3
131072	92	1063.9
131072	93	944.4
131072	94	1064.5
131072	95	1064.9
131072	96	360.5
131072	97	1067.2
131072	98	1062.2
131072	99	1063.4
131072	100	1065.4
131072	101	1061.1
131072	102	1063.9
131072	103	1059.5
131072	104	1062.3
131072	105	1058.7
131072	106	1061.6
131072	107	1057.9
131072	108	1061.7
131072	109	1058.8
131072	110	1062.7
131072	111	1059.8
131072	112	1057.7
131072	113	1061.7
131072	114	1059.5
131072	115	1057.4
131072	116	1055.2
131072	117	1054.0
131072	118	1059.0
131072	119	1057.8
131072	120	1056.5
131072	121	1055.2
131072	122	1053.9
131072	123	1052.6
131072	124	1052.2
131072	125	1050.8
131072	126	1050.5
131072	127	1050.1
65536	1	828.6
65536	2	663.9
65536	3	553.8
65536	4	475.0
65536	5	415.8
65536	6	369.8
65536	7	332.9
65536	8	302.8
65536	9	329.3
65536	10	341.1
65536	11	346.8
65536	12	353.6
65536	13	391.9
65536	14	433.2
65536	15	589.4
65536	16	312.7
65536	17	1035.1
65536	18	1057.8
65536	19	1055.7
65536	20	1086.4
65536	21	1084.2
65536	22	1084.1
65536	23	1083.0
65536	24	1082.5
65536	25	1083.0
65536	26	1080.1
65536	27	1080.6
65536	28	1080.3
65536	29	1079.0
65536	30	1076.8
65536	31	1038.1
65536	32	312.9
65536	33	1033.7
65536	34	1077.4
65536	35	1072.7
65536	36	1074.2
65536	37	1072.9
65536	38	1072.7
65536	39	1069.5
65536	40	1072.5
65536	41	1071.8
65536	42	1067.1
65536	43	1069.0
65536	44	1066.2
65536	45	1064.7
65536	46	1063.9
65536	47	1064.5
65536	48	1066.0
65536	49	1062.2
65536	50	1065.4
65536	51	1063.9
65536	52	1062.3
65536	53	1061.6
65536	54	1061.7
65536	55	1062.7
65536	56	1057.7
65536	57	977.0
65536	58	1055.2
65536	59	1059.0
65536	60	1056.5
65536	61	1053.9
65536	62	1052.2
65536	63	1050.5
65536	64	311.0
65536	65	1048.9
65536	66	1048.1
65536	67	1049.4
65536	68	1049.6
65536	69	1051.0
65536	70	1045.0
65536	71	1047.5
65536	72	1050.0
65536	73	944.1
65536	74	1047.5
65536	75	1042.3
65536	76	1047.3
65536	77	1043.1
65536	78	1038.9
65536	79	1044.0
65536	80	1041.0
65536	81	1037.8
65536	82	1044.4
65536	83	1041.3
65536	84	1039.3
65536	85	1037.4
65536	86	1035.4
65536	87	1033.4
65536	88	1031.3
65536	89	1030.6
65536	90	1029.8
65536	91	1029.1
65536	92	1028.3
65536	93	928.0
65536	94	1028.2
65536	95	1027.4
65536	96	1028.1
65536	97	1028.8
65536	98	1029.5
65536	99	1030.3
65536	100	1032.6
65536	101	1021.6
65536	102	1023.8
65536	103	1026.1
65536	104	1028.5
65536	105	1018.7
65536	106	1021.0
65536	107	1023.4
65536	108	1025.8
65536	109	1017.3
65536	110	1019.7
65536	111	1023.9
65536	112	1015.2
65536	113	1017.6
65536	114	1021.9
65536	115	1013.0
65536	116	1017.2
65536	117	1010.0
65536	118	1014.2
65536	119	1018.6
65536	120	1011.2
65536	121	1015.6
65536	122	1008.1
65536	123	1012.5
65536	124	1004.9
65536	125	1011.3
65536	126	1003.5
65536	127	1010.0
32768	1	1094.3
32768	2	1086.7
32768	3	1078.5
32768	4	1067.6
32768	5	1058.2
32768	6	1056.7
32768	7	1044.0
32768	8	1023.7
32768	9	1063.4
32768	10	1086.4
32768	11	1084.1
32768	12	1082.5
32768	13	1080.1
32768	14	1080.3
32768	15	1076.8
32768	16	1029.6
32768	17	1077.4
32768	18	1074.2
32768	19	1072.7
32768	20	1072.5
32768	21	1067.1
32768	22	1066.2
32768	23	1063.9
32768	24	1066.0
32768	25	1065.4
32768	26	1062.3
32768	27	1061.7
32768	28	1057.7
32768	29	1055.2
32768	30	1056.5
32768	31	1052.2
32768	32	1057.6
32768	33	1048.1
32768	34	1049.6
32768	35	1045.0
32768	36	1050.0
32768	37	1047.5
32768	38	1047.3
32768	39	1038.9
32768	40	1041.0
32768	41	1044.4
32768	42	1039.3
32768	43	1035.4
32768	44	1031.3
32768	45	1029.8
32768	46	1028.3
32768	47	1028.2
32768	48	1028.1
32768	49	1029.5
32768	50	1032.6
32768	51	1023.8
32768	52	1028.5
32768	53	1021.0
32768	54	1025.8
32768	55	1019.7
32768	56	1015.2
32768	57	1021.9
32768	58	1017.2
32768	59	1014.2
32768	60	1011.2
32768	61	1008.1
32768	62	1004.9
32768	63	1003.5
32768	64	1016.6
32768	65	1000.7
32768	66	999.2
32768	67	999.7
32768	68	998.2
32768	69	998.7
32768	70	1001.4
32768	71	1002.0
32768	72	1004.8
32768	73	822.8
32768	74	992.0
32768	75	994.7
32768	76	999.9
32768	77	986.0
32768	78	991.1
32768	79	993.9
32768	80	981.9
32768	81	987.1
32768	82	992.5
32768	83	980.1
32768	84	988.0
32768	85	975.3
32768	86	983.3
32768	87	970.3
32768	88	978.4
32768	89	967.8
32768	90	976.0
32768	91	965.2
32768	92	973.4
32768	93	962.5
32768	94	970.8
32768	95	959.7
32768	96	971.0
32768	97	959.6
32768	98	971.1
32768	99	959.5
32768	100	971.3
32768	101	962.4
32768	102	953.5
32768	103	965.4
32768	104	956.3
32768	105	947.1
32768	106	959.2
32768	107	949.9
32768	108	962.2
32768	109	952.7
32768	110	943.2
32768	111	958.9
32768	112	949.2
32768	113	939.4
32768	114	955.5
32768	115	945.5
32768	116	938.8
32768	117	932.2
32768	118	945.0
32768	119	938.2
32768	120	931.4
32768	121	944.5
32768	122	937.5
32768	123	930.5
32768	124	923.6
32768	125	940.4
32768	126	933.3
32768	127	926.1
16384	1	1099.1
16384	2	1096.2
16384	3	1092.8
16384	4	1090.5
16384	5	1086.4
16384	6	1082.5
16384	7	1080.3
16384	8	1079.3
16384	9	1074.2
16384	10	1072.5
16384	11	1066.2
16384	12	1066.0
16384	13	1062.3
16384	14	1057.7
16384	15	1056.5
16384	16	1057.6
16384	17	1049.6
16384	18	1050.0
16384	19	1047.3
16384	20	1041.0
16384	21	1039.3
16384	22	1031.3
16384	23	1028.3
16384	24	1028.1
16384	25	1032.6
16384	26	1028.5
16384	27	1025.8
16384	28	1015.2
16384	29	1017.2
16384	30	1011.2
16384	31	1004.9
16384	32	1016.6
16384	33	999.2
16384	34	998.2
16384	35	1001.4
16384	36	1004.8
16384	37	992.0
16384	38	999.9
16384	39	991.1
16384	40	981.9
16384	41	992.5
16384	42	988.0
16384	43	983.3
16384	44	978.4
16384	45	976.0
16384	46	973.4
16384	47	970.8
16384	48	971.0
16384	49	971.1
16384	50	971.3
16384	51	953.5
16384	52	956.3
16384	53	959.2
16384	54	962.2
16384	55	943.2
16384	56	949.2
16384	57	955.5
16384	58	938.8
16384	59	945.0
16384	60	931.4
16384	61	937.5
16384	62	923.6
16384	63	933.3
16384	64	943.5
16384	65	928.7
16384	66	914.0
16384	67	924.0
16384	68	908.8
16384	69	922.8
16384	70	911.2
16384	71	921.6
16384	72	909.6
16384	73	897.6
16384	74	912.1
16384	75	899.7
16384	76	914.8
16384	77	902.0
16384	78	893.5
16384	79	908.8
16384	80	895.6
16384	81	886.8
16384	82	902.4
16384	83	893.4
16384	84	884.3
16384	85	870.7
16384	86	891.0
16384	87	881.6
16384	88	872.2
16384	89	862.8
16384	90	883.5
16384	91	873.8
16384	92	864.1
16384	93	854.4
16384	94	875.5
16384	95	865.5
16384	96	855.4
16384	97	845.3
16384	98	872.2
16384	99	861.7
16384	100	851.3
16384	101	846.1
16384	102	835.6
16384	103	863.1
16384	104	852.3
16384	105	846.8
16384	106	836.0
16384	107	830.5
16384	108	853.3
16384	109	847.7
16384	110	836.4
16384	111	830.7
16384	112	825.1
16384	113	813.8
16384	114	842.7
16384	115	836.8
16384	116	830.9
16384	117	825.0
16384	118	813.2
16384	119	807.3
16384	120	801.4
16384	121	831.1
16384	122	824.9
16384	123	818.8
16384	124	812.6
16384	125	806.5
16384	126	800.3
16384	127	794.2
8192	1	1096.2
8192	2	1090.5
8192	3	1082.5
8192	4	1079.3
8192	5	1072.5
8192	6	1066.0
8192	7	1057.7
8192	8	1057.6
8192	9	1050.0
8192	10	1041.0
8192	11	1031.3
8192	12	1028.1
8192	13	1028.5
8192	14	1015.2
8192	15	1011.2
8192	16	1016.6
8192	17	998.2
8192	18	1004.8
8192	19	999.9
8192	20	981.9
8192	21	988.0
8192	22	978.4
8192	23	973.4
8192	24	971.0
8192	25	971.3
8192	26	956.3
8192	27	962.2
8192	28	949.2
8192	29	938.8
8192	30	931.4
8192	31	923.6
8192	32	943.5
8192	33	914.0
8192	34	908.8
8192	35	911.2
8192	36	909.6
8192	37	912.1
8192	38	914.8
8192	39	893.5
8192	40	895.6
8192	41	902.4
8192	42	884.3
8192	43	891.0
8192	44	872.2
8192	45	883.5
8192	46	864.1
8192	47	875.5
8192	48	855.4
8192	49	872.2
8192	50	851.3
8192	51	835.6
8192	52	852.3
8192	53	836.0
8192	54	853.3
8192	55	836.4
8192	56	825.1
8192	57	842.7
8192	58	830.9
8192	59	813.2
8192	60	801.4
8192	61	824.9
8192	62	812.6
8192	63	800.3
8192	64	824.9
8192	65	812.0
8192	66	799.1
8192	67	786.2
8192	68	773.3
8192	69	797.7
8192	70	791.0
8192	71	777.5
8192	72	763.9
8192	73	757.2
8192	74	782.0
8192	75	774.9
8192	76	760.7
8192	77	753.6
8192	78	746.5
8192	79	772.1
8192	80	764.6
8192	81	757.1
8192	82	742.1
8192	83	734.6
8192	84	727.1
8192	85	719.7
8192	86	753.1
8192	87	745.2
8192	88	737.3
8192	89	729.4
8192	90	721.4
8192	91	713.5
8192	92	705.6
8192	93	697.6
8192	94	731.8
8192	95	723.4
8192	96	715.0
8192	97	706.6
8192	98	698.2
8192	99	689.8
8192	100	681.4
8192	101	681.4
8192	102	673.0
8192	103	707.8
8192	104	698.8
8192	105	698.8
8192	106	689.8
8192	107	680.9
8192	108	671.9
8192	109	671.9
8192	110	663.0
8192	111	654.0
8192	112	654.0
8192	113	645.1
8192	114	680.3
8192	115	680.3
8192	116	670.8
8192	117	670.8
8192	118	661.2
8192	119	651.6
8192	120	651.6
8192	121	642.0
8192	122	642.0
8192	123	632.4
8192	124	632.4
8192	125	622.9
8192	126	622.9
8192	127	613.3
4096	1	1090.5
4096	2	1079.3
4096	3	1066.0
4096	4	1057.6
4096	5	1041.0
4096	6	1028.1
4096	7	1015.2
4096	8	1016.6
4096	9	1004.8
4096	10	981.9
4096	11	978.4
4096	12	971.0
4096	13	956.3
4096	14	949.2
4096	15	931.4
4096	16	943.5
4096	17	908.8
4096	18	909.6
4096	19	914.8
4096	20	895.6
4096	21	884.3
4096	22	872.2
4096	23	864.1
4096	24	855.4
4096	25	851.3
4096	26	852.3
4096	27	853.3
4096	28	825.1
4096	29	830.9
4096	30	801.4
4096	31	812.6
4096	32	824.9
4096	33	799.1
4096	34	773.3
4096	35	791.0
4096	36	763.9
4096	37	782.0
4096	38	760.7
4096	39	746.5
4096	40	764.6
4096	41	742.1
4096	42	727.1
4096	43	753.1
4096	44	737.3
4096	45	721.4
4096	46	705.6
4096	47	731.8
4096	48	715.0
4096	49	698.2
4096	50	681.4
4096	51	673.0
4096	52	698.8
4096	53	689.8
4096	54	671.9
4096	55	663.0
4096	56	654.0
4096	57	680.3
4096	58	670.8
4096	59	661.2
4096	60	651.6
4096	61	642.0
4096	62	632.4
4096	63	622.9
4096	64	659.1
4096	65	648.8
4096	66	638.5
4096	67	628.2
4096	68	617.9
4096	69	607.6
4096	70	597.3
4096	71	587.0
4096	72	576.7
4096	73	576.7
4096	74	612.2
4096	75	601.1
4096	76	589.9
4096	77	589.9
4096	78	578.8
4096	79	567.7
4096	80	567.7
4096	81	556.5
4096	82	545.4
4096	83	545.4
4096	84	534.3
4096	85	534.3
4096	86	569.1
4096	87	569.1
4096	88	557.0
4096	89	557.0
4096	90	544.9
4096	91	544.9
4096	92	532.8
4096	93	532.8
4096	94	520.7
4096	95	520.7
4096	96	508.6
4096	97	508.6
4096	98	496.5
4096	99	496.5
4096	100	484.4
4096	101	484.4
4096	102	484.4
4096	103	517.8
4096	104	517.8
4096	105	517.8
4096	106	504.5
4096	107	504.5
4096	108	491.2
4096	109	491.2
4096	110	491.2
4096	111	478.0
4096	112	478.0
4096	113	478.0
4096	114	464.7
4096	115	464.7
4096	116	464.7
4096	117	464.7
4096	118	451.4
4096	119	451.4
4096	120	451.4
4096	121	438.1
4096	122	438.1
4096	123	438.1
4096	124	438.1
4096	125	424.9
4096	126	424.9
4096	127	424.9
2048	1	1079.3
2048	2	1057.6
2048	3	1028.1
2048	4	1016.6
2048	5	981.9
2048	6	971.0
2048	7	949.2
2048	8	943.5
2048	9	909.6
2048	10	895.6
2048	11	872.2
2048	12	855.4
2048	13	852.3
2048	14	825.1
2048	15	801.4
2048	16	824.9
2048	17	773.3
2048	18	763.9
2048	19	760.7
2048	20	764.6
2048	21	727.1
2048	22	737.3
2048	23	705.6
2048	24	715.0
2048	25	681.4
2048	26	698.8
2048	27	671.9
2048	28	654.0
2048	29	670.8
2048	30	651.6
2048	31	632.4
2048	32	659.1
2048	33	638.5
2048	34	617.9
2048	35	597.3
2048	36	576.7
2048	37	612.2
2048	38	589.9
2048	39	578.8
2048	40	567.7
2048	41	545.4
2048	42	534.3
2048	43	569.1
2048	44	557.0
2048	45	544.9
2048	46	532.8
2048	47	520.7
2048	48	508.6
2048	49	496.5
2048	50	484.4
2048	51	484.4
2048	52	517.8
2048	53	504.5
2048	54	491.2
2048	55	491.2
2048	56	478.0
2048	57	464.7
2048	58	464.7
2048	59	451.4
2048	60	451.4
2048	61	438.1
2048	62	438.1
2048	63	424.9
2048	64	470.2
2048	65	455.5
2048	66	455.5
2048	67	440.8
2048	68	440.8
2048	69	426.1
2048	70	426.1
2048	71	411.4
2048	72	411.4
2048	73	411.4
2048	74	396.7
2048	75	396.7
2048	76	382.0
2048	77	382.0
2048	78	382.0
2048	79	367.3
2048	80	367.3
2048	81	367.3
2048	82	352.6
2048	83	352.6
2048	84	352.6
2048	85	352.6
2048	86	378.3
2048	87	378.3
2048	88	378.3
2048	89	378.3
2048	90	361.8
2048	91	361.8
2048	92	361.8
2048	93	361.8
2048	94	345.4
2048	95	345.4
2048	96	345.4
2048	97	345.4
2048	98	328.9
2048	99	328.9
2048	100	328.9
2048	101	328.9
2048	102	328.9
2048	103	312.5
2048	104	312.5
2048	105	312.5
2048	106	312.5
2048	107	312.5
2048	108	296.1
2048	109	296.1
2048	110	296.1
2048	111	296.1
2048	112	296.1
2048	113	296.1
2048	114	279.6
2048	115	279.6
2048	116	279.6
2048	117	279.6
2048	118	279.6
2048	119	279.6
2048	120	279.6
2048	121	263.2
2048	122	263.2
2048	123	263.2
2048	124	263.2
2048	125	263.2
2048	126	263.2
2048	127	263.2
